100
23 24 23 24 25 5 5 24 24 25 23 23 24 5 5 24 24 23 5 5 25 5 5 24 5 5 5 25 5 5 21 5 5 23 5 24 23 5 24 24 23 23 24 23 24 25 24 23 5 25 5 24 5 25 25 25 5 24 24 5 5 5 23 21 24 23 23 5 25 23 5 5 5 23 22 24 5 5 5 5 25 5 25 5 25 24 5 24 22 24 5 23 5 5 24 5 24 24 5 5
4 5 12 14 15 18 28 29 30 32 36 54 55 65 70 72 76 78 82 84 87 90 95
1 4 5 12 14 15 18 21 28 29 30 32 36 55 65 70 72 76 78 82 87 90 95 98
4 5 12 14 15 18 20 28 29 30 32 36 44 55 65 70 72 76 78 82 87 95 98
4 5 12 13 14 15 18 28 29 30 32 36 45 46 49 55 65 70 72 76 78 82 87 95
4 5 6 12 14 15 16 18 28 29 30 32 36 55 59 65 69 70 72 76 78 82 87 94 95
38 71 11 81 49
9 74 47 25 91
4 5 11 12 13 14 15 18 28 29 30 32 36 38 55 65 70 72 76 78 82 87 95 99
4 5 12 14 15 18 21 28 29 30 32 36 47 48 55 59 65 70 72 76 78 82 87 95
4 5 12 14 15 18 28 29 30 32 35 36 55 65 70 72 76 78 82 83 86 87 88 90 95
4 5 12 14 15 18 22 28 29 30 32 36 55 65 69 70 72 76 78 82 87 94 95
4 5 12 14 15 18 28 29 30 32 35 36 49 55 65 70 72 76 78 82 87 89 95
4 5 8 12 14 15 18 28 29 30 32 36 42 55 65 70 72 76 78 82 87 95 99 100
35 41 9 52 28
73 41 28 84 92
4 5 12 14 15 18 19 28 29 30 32 34 36 55 59 65 70 72 76 78 82 83 87 95
4 5 12 14 15 18 28 29 30 32 34 36 55 65 69 70 72 75 76 78 82 87 95 96
4 5 12 14 15 18 28 29 30 32 36 47 52 55 65 70 72 75 76 78 82 87 95
97 7 12 15 20
9 77 50 55 88
2 4 5 12 14 15 18 28 29 30 32 33 36 55 60 65 68 70 71 72 76 78 82 87 95
97 35 69 15 88
38 44 15 21 56
4 5 12 14 15 18 23 28 29 30 32 34 36 55 65 70 72 76 78 82 87 93 95 98
65 39 14 81 82
98 70 48 20 21
1 68 42 77 63
4 5 8 12 14 15 18 28 29 30 31 32 36 40 47 55 65 70 72 73 76 78 82 87 95
98 9 11 94 63
71 17 85 22 61
4 5 12 14 15 18 28 29 30 32 36 55 65 70 72 76 78 82 87 95 97
40 52 86 26 92
32 67 16 57 58
3 4 5 12 14 15 18 28 29 30 32 36 44 55 65 70 71 72 76 78 82 87 95
1 8 10 81 91
4 5 10 12 14 15 18 28 29 30 31 32 36 43 55 65 66 70 72 76 78 82 87 95
4 5 12 14 15 17 18 28 29 30 32 36 55 63 65 70 72 76 78 82 87 93 95
32 74 53 25 61
4 5 12 14 15 18 28 29 30 32 36 46 53 55 56 65 70 72 76 78 82 85 87 95
4 5 7 12 14 15 18 28 29 30 32 36 55 65 70 72 76 78 82 83 84 87 94 95
4 5 12 14 15 18 28 29 30 32 36 44 52 55 65 70 72 76 78 82 87 94 95
4 5 12 14 15 18 24 28 29 30 32 36 55 58 65 69 70 72 76 78 82 87 95
4 5 10 12 13 14 15 18 28 29 30 32 36 55 57 65 70 71 72 76 78 82 87 95
2 4 5 12 14 15 18 28 29 30 31 32 36 55 65 70 72 76 78 82 87 95 97
4 5 8 12 14 15 18 28 29 30 32 36 52 55 62 63 65 70 72 76 78 82 87 95
1 4 5 12 14 15 18 28 29 30 32 34 36 37 50 55 59 65 70 72 76 78 82 87 95
4 5 12 14 15 18 28 29 30 32 36 55 63 65 70 72 76 78 82 85 87 92 94 95
4 5 8 12 14 15 18 28 29 30 32 36 38 55 65 70 72 75 76 78 82 87 95
96 7 8 41 75
4 5 8 11 12 14 15 18 21 28 29 30 32 36 55 65 66 68 70 72 76 78 82 87 95
9 77 52 87 31
4 5 6 12 14 15 18 28 29 30 32 36 55 65 70 72 73 75 76 77 78 82 87 95
67 73 75 85 54
4 5 12 14 15 18 27 28 29 30 32 34 36 41 55 65 70 72 76 78 82 86 87 92 95
4 5 12 14 15 17 18 28 29 30 32 36 39 51 55 65 70 72 76 78 82 83 86 87 95
2 4 5 10 12 14 15 18 28 29 30 32 36 55 59 65 70 72 76 78 80 82 87 95 97
65 69 10 13 28
4 5 9 12 14 15 18 28 29 30 32 36 37 45 48 55 65 70 72 76 78 82 87 95
4 5 12 14 15 18 28 29 30 32 36 39 55 65 70 72 76 78 79 82 84 87 91 95
39 71 14 85 86
96 34 14 15 18
35 37 78 27 92
4 5 12 14 15 18 28 29 30 32 34 36 55 63 65 70 72 76 78 82 87 88 95
4 5 7 12 14 15 18 28 29 30 32 36 55 65 70 72 76 78 82 87 95
4 5 12 14 15 17 18 28 29 30 32 34 36 43 55 65 70 72 76 78 82 87 95 99
4 5 12 14 15 18 28 29 30 32 36 55 57 65 70 71 72 76 78 82 87 91 95
4 5 10 12 14 15 18 20 28 29 30 32 36 55 65 70 72 76 78 82 87 89 95
71 75 17 19 56
4 5 6 12 14 15 18 27 28 29 30 32 36 46 47 55 65 70 72 76 78 82 87 88 95
4 5 12 14 15 18 28 29 30 32 36 46 53 55 65 70 72 76 78 82 87 95 100
96 20 21 23 31
4 43 53 23 95
32 35 21 90 95
4 5 12 14 15 18 26 28 29 30 32 36 55 59 61 65 70 72 76 78 82 87 95
4 5 12 14 15 18 25 28 29 30 32 36 55 65 70 72 76 78 82 85 87 95
4 5 9 12 14 15 18 28 29 30 32 36 45 55 65 70 72 76 78 82 83 87 95 99
4 69 43 15 87
34 5 75 14 23
41 45 78 56 94
33 74 15 50 25
1 4 5 12 14 15 18 28 29 30 32 36 55 56 65 67 69 70 72 76 78 82 87 88 95
47 86 56 26 95
4 5 12 14 15 18 28 29 30 32 36 41 43 55 65 70 72 76 78 80 82 85 86 87 95
65 39 40 86 93
4 5 12 14 15 17 18 28 29 30 32 36 38 52 55 65 70 71 72 76 78 82 87 90 95
4 5 12 14 15 18 23 28 29 30 32 36 49 55 65 70 72 76 78 82 86 87 95 96
1 37 71 39 52
4 5 12 14 15 18 28 29 30 32 36 42 55 60 65 70 72 75 76 78 82 84 87 95
4 5 12 14 15 18 28 29 30 32 36 55 61 65 66 70 72 76 78 82 87 95
4 5 11 12 14 15 18 28 29 30 32 36 37 55 65 66 70 72 76 78 82 85 87 95
97 40 12 87 31
4 5 6 12 14 15 18 19 26 28 29 30 32 36 55 65 70 72 76 78 82 87 95
99 10 79 54 59
74 50 25 90 92
1 4 5 12 14 15 18 19 28 29 30 32 36 55 65 70 72 76 78 82 84 87 89 95
99 100 14 55 29
4 5 7 12 14 15 18 28 29 30 32 36 55 60 65 67 70 72 76 78 82 87 90 95
4 5 12 14 15 16 18 28 29 30 32 36 55 59 60 65 70 72 76 78 82 86 87 95
97 72 41 77 57
65 71 55 58 93
-5 5 4 -2 -3 10 -2 6 5 10 -3 -2 4 -8 -1 -3 -2 0 0 7 -8 -6 -6 -3 2 -6 -4 -8 3 3 0 7 4 3 -9 -4 3 2 8 -10 8 2 5 -10 1 -1 2 3 7 7 9 -3 5 -3 -2 3 5 -10 2 0 2 -5 4 -6 9 7 -10 2 8 8 -10 -8 10 3 -6 4 -5 -9 -2 2 0 -4 4 0 0 2 -2 3 -2 -8 5 -10 7 -9 1 -3 10 -8 10 -9
-10 -3 -4 -10 9 -6 -3 -6 5 -7 8 -4 4 -2 1 -5 9 9 -7 -5 -1 -7 8 -10 -1 8 2 2 -4 -8 8 10 -3 -7 -1 9 -7 8 -9 1 7 3 1 -8 6 10 0 -10 3 5 -7 3 1 10 4 -6 3 -5 6 10 -2 9 7 5 4 3 8 -2 0 -3 -8 -2 4 -3 4 8 9 2 0 -10 5 0 -5 5 -4 1 -2 0 -2 9 -2 7 -10 6 -4 -8 -3 3 5
7 -3 5 10 5 4 -10 -8 -1 -3 2 -3 -1 8 1 5 7 6 1 3 7 0 1 4 -2 -1 -2 -3 -7 -4 0 -7 7 -5 -4 -4 5 -2 8 6 9 -1 -7 -4 -1 -3 1 -5 -1 -10 7 -6 -2 -9 -9 7 -1 -6 10 5 -7 -10 8 -1 5 5 4 0 -5 -9 -2 5 -7 -8 2 5 -8 8 10 -9 -6 -6 8 -1 -8 -3 -7 7 3 9 9 9 -3 6 2 4 4 -1
8 3 -1 8 9 -9 9 -7 -4 10 -4 -2 -8 -5 -3 -5 7 -8 -5 -10 3 4 9 5 -1 -9 -3 -1 -1 4 -8 -3 -2 10 8 -4 3 -7 7 -3 10 -6 -2 -6 -8 -9 -5 -1 9 8 -1 4 -7 4 -1 2 -2 6 7 5 4 -8 9 -9 3 0 9 -2 -10 -8 -3 8 8 -10 -2 8 -9 -5 5 6 10 4 -2 -5 8 3 10 5 -8 5 1 3 0 0 -7 -5 0
3 5 -1 2 7 -9 4 -8 0 -2 0 -7 2 6 -10 7 4 3 -9 -4 6 1 9 5 10 4 -9 -4 -2 7 -6 -1 4 5 -7 -10 10 9 -3 -5 -1 7 -10 7 3 -8 -3 -7 4 -7 10 -6 5 -1 6 -2 3 5 5 -3 4 7 -6 2 -4 9 6 -6 -8 -2 3 0 6 -2 -10 -1 -1 8 8 5 -6 4 7 5 1 0 7 7 2 4 0 -4 -3 8 2 -3
3 -9 0 5 2 2 10 -6 5 -9 -6 6 8 0 -7 4 -7 6 4 -10 -6 3 10 -6 -8 5 -2 0 9 2 10 -8 0 7 2 0 10 5 7 -9 9 -8 -3 10 -1 -3 -8 3 -7 10 -7 4 -5 -1 -10 -9 0 -9 -1 1 1 3 -6 -3 6 3 8 -5 -5 -5 -8 9 2 9 -3 5 8 -6 -3 4 10 -2 4 -2 -10 4 -1 7 -5 -8 4 1 8 -1 10
3 -2 4 -1 -4 2 5 -7 -3 2 8 1 8 -1 -1 -10 2 -2 -10 8 -9 9 5 -1 -3 9 1 -3 10 -4 9 -2 -6 10 -7 10 10 -9 -1 4 -9 8 1 -6 -8 -1 0 3 -5 -4 -6 7 1 6 6 -2 -5 -2 5 -1 0 -7 4 -8 -6 -3 2 7 1 -8 2 -10 -2 7 -7 4 1 -2 8 2 10 1 -7 -3 5 -10 9 7 0 9 -3 10 -8 10
4 -1 10 3 -7 -6 -9 -9 -1 5 -7 -7 -3 7 -6 2 4 1 7 3 8 -6 3 10 -7 5 9 3 -2 -9 1 -4 4 4 -3 1 -7 1 7 10 1 -9 2 -2 -4 -7 4 -8 -4 10 10 9 -10 -9 0 -3 -6 8 -4 -8 7 -4 8 -4 -3 0 -6 9 -10 -2 -6 -6 7 -2 -5 -7 -10 -6 -10 1 -3 8 0 -10 -5 -2 -9 -6 3 6 -7 -8 5
4 1 6 8 -7 4 6 -3 9 -9 6 -1 4 10 -10 -9 5 2 3 -7 5 4 -8 -8 0 9 -6 -8 -6 -2 9 10 8 7 0 2 9 6 -1 4 6 9 3 -7 -7 10 10 7 -4 3 4 -3 3 0 4 2 3 -7 0 3 0 -2 1 -6 5 -8 -8 -8 -8 3 -7 1 -6 7 -9 8 7 7 0 -7 3 1 3 -9 -1 9 -1 1 -7 8 6 -4
-6 5 -3 -7 1 7 1 -7 -2 8 -3 3 7 9 9 10 7 -10 9 -2 -10 -5 -2 -1 0 1 -10 -5 -6 8 2 -8 -6 10 -10 -8 6 -4 2 3 4 0 -5 1 -1 0 8 9 -8 -9 -6 -5 9 -9 -8 -2 4 3 5 9 4 3 -2 -4 6 -7 1 3 -7 -1 8 5 6 -1 -9 -3 2 9 -9 -10 -4 -1 -4 -6 -2 -1 0 -7 -10 5 3
-5 -6 2 7 -3 6 7 1 -8 2 -9 3 -10 4 -8 0 8 3 8 2 10 3 -1 -7 2 -10 0 -5 9 4 1 -8 3 -7 -3 3 8 2 6 -8 2 -1 0 -3 0 -5 -8 6 10 -7 6 6 -4 1 1 10 -6 -3 -7 -6 -2 -4 -5 9 -6 10 -8 -5 10 5 4 8 8 4 8 10 10 9 0 10 0 -6 4 -8 5 4 10 -1 -2 8
-9 1 6 -8 -1 4 4 -9 -9 1 -1 -8 10 -8 9 9 6 2 4 8 7 -9 4 8 10 -4 0 9 5 6 -6 -9 4 -7 0 -8 6 10 -5 -9 -3 4 4 6 6 9 -5 1 1 -1 2 3 0 9 -9 10 10 0 -8 0 -7 7 2 -1 -2 9 -6 0 -8 8 -6 1 -1 10 2 -6 9 -8 -1 7 2 10 0 -6 6 -8 10 3 6
1 -10 1 -1 -5 -4 0 5 -4 -3 -6 -6 -8 -1 -7 6 7 6 -9 0 9 -6 9 2 -6 -5 -5 9 -5 4 -9 3 1 -3 4 9 -1 4 -3 7 -3 -1 5 -4 1 8 4 4 -1 2 6 6 3 -5 -4 9 -6 -2 -9 10 5 1 7 -7 6 -7 -1 -8 -5 -2 4 6 -6 3 -8 -3 4 1 -10 3 -9 2 6 1 -3 2 -8 1
-3 -10 0 -7 10 0 -6 -6 -9 -1 5 -6 5 4 9 -10 -8 -10 -2 -4 -6 7 9 6 3 -7 -1 -3 -1 -7 -9 -3 3 10 9 4 -8 -7 5 9 7 -10 10 6 8 -3 -6 -1 3 -10 9 1 -3 8 3 -5 -8 6 1 -8 6 7 6 6 7 -10 2 5 -9 10 2 1 -2 -10 1 -8 1 -3 10 -7 8 0 -6 -9 1 7 0
10 -5 4 5 10 -5 -6 -8 4 -9 -1 -4 -9 -4 -9 0 -1 6 2 7 5 -2 -9 10 -4 -1 1 -9 10 0 -2 -7 1 3 2 4 2 0 -5 5 5 1 6 -2 -8 3 -8 3 9 -5 7 -1 0 -7 -8 0 -1 -1 4 9 3 -5 4 1 4 -9 1 9 3 -2 10 -9 -8 10 2 1 6 -5 -10 -6 9 4 -9 -6 -8 -3
10 1 1 2 8 -9 9 -6 4 1 1 4 -8 8 -6 6 1 2 0 10 -2 -3 -7 -10 -5 5 6 2 7 -7 -2 -2 4 -4 9 -1 5 -4 -7 -6 -8 4 -5 4 -8 0 1 -8 7 7 -1 -1 -5 10 -5 1 6 -3 -7 -4 -6 -3 5 -10 1 7 8 1 4 7 -6 9 -8 -8 -1 2 5 6 3 3 8 -8 -6 0 10
-8 4 4 6 1 -6 7 10 8 -5 -6 3 6 -9 -7 6 -6 -1 -5 -5 0 -3 1 6 -1 -8 -2 -4 10 7 -2 -6 10 -1 9 7 -8 6 10 -5 8 8 -6 -5 9 9 0 8 -9 -10 -8 -9 10 8 -2 10 -4 8 3 9 10 -10 5 10 7 -1 10 -1 5 -3 2 -1 4 -8 -9 -5 4 3 5 4 -4 0 9 -6
0 0 1 2 -6 1 6 7 -7 0 -3 4 -7 -2 4 -3 -6 -7 -9 -1 2 9 3 -3 -5 0 8 0 -4 -5 5 6 4 5 -1 5 -10 -8 2 6 4 -3 -4 8 1 -9 -9 -1 5 9 10 5 -1 7 -10 -7 3 -6 -2 1 2 1 -9 2 -9 8 7 -4 1 7 -1 -8 2 6 4 7 -2 9 9 -7 -6 -7 2
1 0 7 1 -6 -4 9 6 2 6 -9 -9 -9 -6 0 5 6 4 -6 9 6 -6 0 9 0 -5 2 9 -1 8 0 6 6 7 5 8 -1 5 -10 1 0 -7 3 8 -1 10 -10 9 5 -2 10 8 8 -3 -9 8 5 -5 6 10 9 2 -6 -3 -9 8 -7 -4 -10 4 0 3 -6 3 -4 3 6 9 5 -9 -6 6
-4 7 0 5 6 2 0 -5 4 7 0 7 1 10 -2 9 5 -4 -3 -2 7 -1 -3 -1 -1 -4 5 0 5 1 7 -2 -1 -7 8 7 2 2 1 -6 -1 -9 -1 -8 1 4 10 -2 5 -4 -4 7 -2 7 -2 -6 -7 9 8 -3 -3 -9 6 -3 10 -3 -9 -7 3 0 5 -7 -6 -10 7 -5 3 10 5 5 10
-4 -1 0 -1 10 -9 -8 10 8 -3 7 -9 -5 3 -5 -9 2 5 -5 -1 -9 -10 -1 8 9 -7 0 -1 4 10 7 6 5 -6 6 4 -2 -4 -7 0 -5 4 10 -2 -5 -10 0 -1 8 -4 -5 9 10 2 3 6 0 -8 2 -7 -5 -6 5 0 -3 -10 -2 2 -3 4 -2 0 -1 8 8 -10 -2 10 1 -3
-9 -7 4 -1 -5 2 6 -1 -7 10 -1 1 9 -3 -3 -6 5 -6 4 9 1 3 7 5 7 -4 -3 9 -8 6 4 6 1 -8 8 -7 -9 7 6 -4 8 7 -6 -5 0 6 4 -7 -4 8 5 -8 6 4 -9 4 -6 6 3 4 8 -9 7 4 -1 -10 2 -2 -10 -4 8 -8 -9 3 1 -8 7 -9 -8
5 -9 -1 3 -5 -6 10 10 3 1 2 4 2 2 -8 7 -6 10 1 -7 -5 7 2 6 -6 -3 -10 -10 -1 4 7 3 7 2 -3 -3 4 1 -6 -2 -4 -7 -9 3 9 -10 -3 -4 -8 -7 9 -9 4 9 -9 -3 -9 2 4 -3 7 -4 -9 -6 6 -1 -3 8 0 8 9 0 -3 -1 -6 6 -3 3
-1 -2 -9 7 8 -5 10 3 7 5 -9 1 10 2 6 0 3 3 -6 -1 2 -5 7 5 -3 -3 -1 -6 4 -9 7 3 3 7 6 -6 2 -3 -2 -4 0 10 -8 4 1 -8 7 -4 -9 -2 2 9 9 -9 -8 -4 8 7 -4 5 -4 0 -1 -10 -4 -4 -7 5 -3 9 -4 2 -3 7 0 -1 2
4 7 10 1 -1 -2 1 6 5 4 -7 5 0 -4 1 0 3 -9 8 -3 -6 -10 -2 7 8 8 3 -1 -6 -4 0 -3 2 8 -3 5 7 10 0 -2 5 10 5 4 -5 1 -5 -6 7 5 -5 7 10 -9 6 -9 -8 -9 -10 3 -6 10 -3 -8 -6 -10 -4 6 4 1 -9 9 10 9 5 5
-10 -10 7 7 3 -10 -10 6 -2 7 -1 -10 6 3 -5 -7 -7 6 -6 -3 -4 9 6 -2 1 -2 2 -8 1 2 4 8 -3 -3 -1 -8 10 10 -9 -8 2 2 2 7 5 -9 10 -10 -5 -8 5 3 10 0 8 -7 6 -9 -3 -4 8 5 -2 -9 -8 -2 7 8 -9 -5 0 -10 -4 8 -6
2 -8 -1 -5 8 -3 8 2 7 0 2 -6 -8 6 1 -9 -7 3 -3 -8 0 9 9 9 2 0 -10 10 -2 4 5 -3 1 7 2 3 -5 8 2 -8 9 -1 -3 -8 -8 -2 -6 2 10 -6 2 0 1 -7 -8 -10 -1 4 1 -2 -7 -6 -8 -5 3 4 7 7 6 3 -7 -10 -8 1
7 -8 9 9 0 2 -10 -1 3 2 -8 7 -3 8 6 -5 2 -5 -6 -2 -1 -2 5 -6 -8 -5 3 -2 3 -1 5 -8 1 -2 -3 10 5 9 9 -4 4 -7 -6 -1 -10 2 0 9 2 0 4 0 3 10 9 -6 -1 0 9 -4 5 0 -5 2 0 -1 10 5 8 -3 0 2 -2
2 1 -7 8 -4 8 7 -5 7 -10 4 -4 4 -1 -8 3 5 -6 10 -1 -3 -2 -6 3 2 -8 4 9 5 8 2 7 6 3 7 -9 1 7 9 10 -8 -7 -3 1 -5 10 9 -9 8 10 10 2 0 3 -7 -10 -7 -2 -3 6 6 7 8 8 -3 4 1 2 4 8 6 -6
1 -10 5 -7 -1 3 -8 -7 -6 1 -1 0 4 -4 6 5 1 5 -7 4 4 0 -8 -1 -9 -7 -10 0 10 -7 -5 -3 6 -5 7 -5 0 7 3 4 -3 2 10 -5 -5 10 3 2 -10 9 -4 4 8 3 2 -10 -4 -4 -2 -8 8 -7 7 -5 1 0 -4 4 -7 -2 5
6 10 0 9 2 9 2 8 -7 1 1 4 9 -5 -1 9 8 -8 -6 0 -7 -3 -1 -7 -5 1 -6 6 2 3 9 -6 8 2 3 -5 5 10 7 10 -5 7 -5 5 -1 -6 -5 0 4 9 -9 1 -10 5 -6 -4 2 7 6 10 5 3 5 3 4 5 -5 -8 8 -10
-3 -1 -9 -2 -3 7 -1 -5 4 8 5 7 6 -7 8 -7 -2 7 1 7 -9 4 7 -4 3 -7 10 -3 -1 -9 4 -2 1 -8 4 -7 -3 -4 8 1 9 10 3 -5 9 -6 -4 -4 -9 8 1 7 -2 9 7 -5 0 -1 -1 8 -2 6 -7 -6 3 -9 -2 10 -6
-6 -3 -6 0 -3 2 5 -6 8 10 -2 10 3 2 4 -8 10 -8 2 6 -2 1 4 5 0 8 -10 -8 4 10 1 -8 7 2 -4 3 -4 5 -2 0 -1 0 7 8 -6 8 5 0 -9 -9 -7 10 4 -10 -7 -5 4 4 -10 3 -4 -6 10 -1 -5 -2 -8 10
1 -2 -8 1 10 -5 -9 2 10 -1 -3 3 10 -8 -7 -10 -4 5 -8 -6 8 -3 6 4 -10 -10 0 -7 3 -6 5 -8 -3 2 -8 -7 -7 0 1 -1 -6 2 -6 10 -6 -8 6 8 -10 9 10 -5 4 1 -4 10 -6 3 9 4 -4 -8 -7 -6 -7 8 2
1 3 0 -6 -3 -2 10 -8 -3 7 9 9 9 -1 -10 -1 -4 6 9 6 -4 2 -1 10 -9 -3 5 2 -7 -3 5 10 9 -8 6 -10 1 0 -6 2 8 3 1 7 -5 5 -8 -10 8 -8 -10 -2 -4 -9 -9 2 6 -1 10 6 3 3 2 -8 10 7
7 9 -6 -2 -8 -1 -8 6 -4 -6 7 0 2 8 10 10 10 -8 -1 3 -3 -9 -3 -8 3 -7 4 9 9 -9 -1 -5 -7 -10 -6 -10 -5 5 1 6 6 -2 -5 1 -6 -2 -7 -10 0 3 -2 6 -8 -2 8 10 -8 5 4 6 1 -9 5 8 -5
1 -5 -2 -7 8 -7 -3 6 -10 -9 -10 -3 -9 5 1 2 -6 -5 -9 7 10 3 -3 0 -3 3 0 -2 -8 8 1 -7 6 -9 -5 -3 6 -9 2 -8 4 -1 -1 0 -8 7 4 -10 1 -4 -1 8 -1 9 -3 4 1 8 5 -4 7 -3 -6 -10
3 -10 -3 7 1 10 -10 0 -10 2 -1 -7 -4 6 -3 3 5 -9 -6 -2 -8 -9 -3 6 3 1 4 -8 8 -7 6 -6 10 2 -8 8 8 -9 3 -6 -3 -1 -2 0 2 0 0 4 -2 -3 -8 -4 -6 8 -7 -6 -7 -5 4 4 0 3 -7
7 1 -4 4 -1 4 -2 -7 -8 -5 -1 9 -9 -4 0 -6 -8 -3 1 2 6 -9 -1 -2 -5 -10 2 4 7 7 -3 -7 4 -7 -6 -7 -10 -9 -3 -6 -4 2 1 10 10 -8 8 8 -2 -8 -10 -8 -4 10 4 -6 -8 0 -7 -9 4 -9
-5 8 3 2 5 -10 2 3 -5 1 -4 -5 -2 -2 4 -6 -9 9 9 9 -3 10 -1 5 3 7 5 -9 -8 -2 2 -6 3 -4 10 6 -3 10 7 -10 2 1 5 7 5 1 8 6 0 2 -2 -5 -10 0 9 -3 -10 -2 -9 5 6
1 8 -3 -5 -7 -3 -3 -2 7 -9 -3 8 2 1 -5 -5 -3 8 0 1 8 -10 1 8 8 -6 8 -4 5 7 -1 -5 5 -9 -8 -9 -3 9 -3 -10 6 5 -10 0 9 -4 -6 0 -5 0 -9 -10 -6 8 -6 -7 6 1 -8 1
2 8 -7 0 -1 0 -6 -5 3 10 5 10 0 -5 7 9 1 -3 8 -5 2 -1 -1 -6 -5 -10 8 2 8 -9 -5 9 0 9 -3 10 8 -7 5 -6 0 -8 -3 1 0 -5 10 -8 10 0 4 -10 -2 -4 -3 -8 1 -2 -7
-10 -9 2 4 3 -5 3 5 2 1 7 2 -7 5 8 10 -3 -5 4 -8 -9 -1 -10 0 -2 -7 -8 0 -5 2 -5 -8 7 -8 0 9 9 5 -10 3 10 -5 9 3 -5 -9 -7 0 -4 -4 3 7 7 -2 -1 -1 -3 -7
-9 2 8 7 5 -6 -9 1 -10 3 -8 -1 10 9 5 -4 -7 -10 -4 -5 10 -1 -8 5 -7 -1 2 5 5 -2 -8 10 7 2 -5 1 2 1 -5 4 -9 -2 4 4 -2 -3 -2 8 -9 -6 -7 -8 1 7 3 8 -3
7 -9 2 6 3 7 5 8 -3 5 -1 -8 2 -9 6 8 6 8 9 -6 -7 4 -5 -5 -4 -4 -6 -9 3 -8 3 -4 10 -6 9 -2 0 -8 -8 2 7 2 7 0 -2 6 4 -10 9 8 6 3 -7 3 -6 -6
8 8 8 -7 -7 8 -7 -1 7 1 3 -2 2 10 5 8 9 5 -9 -5 -2 2 -6 9 9 2 -9 2 0 -3 -9 5 -2 1 -10 0 -1 -1 -2 5 -7 -3 -6 -1 4 0 -2 3 9 10 -8 -4 4 -4 3
5 6 1 -9 6 -5 -8 -1 6 2 -6 6 8 -10 -5 -4 -4 -9 -3 -9 4 -9 1 -4 -2 1 4 6 2 10 -7 -10 -3 1 5 9 4 -5 5 8 7 1 1 -5 -2 -8 -1 -10 2 -9 -5 8 -4 -3
10 -3 -4 -2 10 3 6 -10 -10 5 -6 10 -5 9 -10 -3 -2 9 -1 10 -2 3 2 1 4 -2 -4 4 -1 6 9 2 8 -7 -10 6 1 7 10 9 9 -1 -1 -7 5 -8 0 -2 10 0 -2 -2 10
10 -1 -4 -6 6 -3 -9 9 2 0 -6 -10 10 5 -1 -2 3 2 2 -9 8 8 -4 0 -3 7 10 5 1 6 -1 -5 7 -5 -1 -7 5 -6 -2 7 -5 0 10 -8 -3 1 -3 -1 3 0 1 -2
8 -1 4 -7 5 -9 10 8 8 9 -8 5 -4 6 -7 2 6 -1 3 -9 -6 -6 -4 0 3 8 4 -6 0 -5 -8 5 0 10 -5 0 10 -9 -10 4 -2 -4 -5 8 -5 5 -8 -6 9 3 10
3 2 3 5 2 -10 -9 7 -4 1 -10 0 6 -4 -10 -10 10 -3 -3 1 -1 -6 -7 2 6 8 -1 -5 -8 -9 -1 -1 4 6 9 6 0 3 -6 0 5 1 -4 -5 2 -10 -3 -3 -6 -4
-10 8 6 -5 -7 1 10 -9 2 10 -2 7 9 -9 9 -9 -7 10 -10 -9 -7 3 4 2 -7 7 -2 5 -6 -4 10 -10 -1 3 -7 6 -2 9 9 -6 3 -7 6 9 -7 -1 -7 -7 5
-4 9 -4 -2 6 -4 1 3 -1 -5 -9 7 5 -4 5 0 -3 -10 -10 -8 -7 8 5 -6 -8 6 -8 -7 -2 10 -3 4 -1 -2 4 -9 -7 -5 -9 -1 1 0 3 -7 -7 -9 -10 -6
10 -5 0 1 4 9 -2 -8 1 0 -5 -7 2 2 4 -2 2 5 3 10 -5 -7 -6 -9 -5 -7 3 8 5 8 4 -5 9 2 1 9 -10 -6 5 5 -7 3 4 -9 -8 -2 10
0 -10 6 8 8 -3 0 6 6 9 -7 3 -3 5 1 10 2 -6 7 9 -9 -10 10 -5 6 5 5 -5 -8 5 0 -3 0 -2 -9 6 -3 7 10 2 2 -3 -8 4 4 8
4 -8 5 4 0 -7 5 10 -10 -7 2 3 -9 7 7 -10 -8 9 9 10 -1 6 7 -4 10 4 0 1 -9 -3 4 0 7 9 9 5 1 4 -7 -7 -3 -10 0 1 10
-1 7 6 1 -7 -9 -5 5 -6 3 -7 -2 9 -4 -4 -7 2 -4 4 -4 0 -7 3 -9 10 8 -7 4 4 8 6 -6 5 -10 6 -9 7 3 8 5 6 -5 8 -5
-6 -7 2 9 9 0 6 2 3 9 -3 -2 2 0 -1 4 -6 -6 3 9 6 -1 7 0 7 10 -4 -4 -4 9 -1 1 -6 10 -5 6 7 10 0 -7 1 7 5
8 8 3 7 -1 3 -10 6 -7 -10 2 -6 -9 -9 -4 -2 -5 -1 -2 -6 -9 -1 -4 7 -9 1 4 -7 9 7 -3 10 7 2 -3 6 -1 -9 2 2 3 0
7 -9 -10 -2 -4 9 4 -3 10 10 1 8 7 9 -4 -4 -1 4 -5 -8 -5 -5 6 -7 2 -9 3 -2 7 -2 -6 -5 8 -2 -10 0 4 -6 -9 -6 0
9 -9 10 9 -1 5 8 7 1 -8 0 6 -3 -5 6 -8 6 -5 3 7 7 2 -8 1 -3 -4 0 0 1 -1 -4 9 6 5 7 10 -10 -7 1 4
-3 10 9 9 -3 -9 0 2 -7 2 -2 7 -1 -10 6 1 6 6 4 5 -9 -1 10 -4 0 6 -8 -7 -5 7 7 -10 10 -8 -4 10 -4 3 -7
-4 7 3 10 -8 -6 -10 4 0 -9 -8 -8 -9 -5 -2 7 -8 8 -3 -2 3 2 4 10 2 3 0 -10 2 -7 7 -10 10 9 -8 8 -9 -8
1 6 -7 -1 -1 9 -8 -1 4 2 2 -10 5 -5 7 -3 -6 2 7 -1 10 -6 -1 10 1 -10 7 7 -6 -7 -9 -10 8 9 2 7 7
-8 -1 -4 1 -4 3 10 6 -6 -5 -5 -3 9 -2 -4 -7 -5 8 -9 7 4 10 7 -8 -1 -8 -2 -7 -4 8 5 0 1 -6 10 -3
-7 -1 9 -8 -4 0 5 4 0 9 -1 8 -6 8 8 1 0 3 -5 -10 0 -3 -3 10 3 -2 1 -6 0 5 4 4 1 -1 5
7 -7 -5 10 9 -8 -2 -6 7 -4 -2 10 -8 -8 -10 6 10 -10 8 8 2 8 -4 -9 7 -2 7 7 5 10 -6 1 2 -3
8 -1 -6 4 6 6 -8 2 1 6 -10 -3 9 -5 6 -6 4 -5 -5 8 8 -6 5 1 -9 -3 5 -3 -8 -2 1 -3 -9
-4 6 1 2 5 4 -9 -9 10 0 -7 6 10 -2 -2 8 7 8 -5 2 10 2 1 8 10 -8 6 -2 2 -3 6 2
1 1 5 5 9 -10 6 -6 4 -5 -3 -8 6 10 -2 -4 -6 -5 -5 1 9 -7 -3 3 0 -7 5 5 5 -4 8
-5 10 3 -10 -3 -9 -6 8 8 -5 -6 10 6 -9 8 -6 -9 -5 -2 -5 6 2 9 8 10 -10 -1 -8 -4 4
9 5 5 -5 -3 3 9 -6 8 -5 9 6 -2 -5 0 4 9 8 -8 -3 2 2 -6 -7 -10 -4 6 6 3
-6 9 -7 -5 5 9 9 -9 7 6 -7 -8 5 -6 9 7 -10 10 3 6 3 1 -9 6 3 -3 5 2
1 8 8 -7 3 -6 -2 5 -3 -8 -1 9 7 3 -2 -4 -10 -10 8 6 -7 6 -10 2 10 -4 0
3 1 -7 -6 3 10 8 -2 -2 7 3 8 1 9 -2 2 -4 3 7 7 5 -5 1 7 7 5
-2 -1 8 1 2 -6 -7 -3 4 -5 -7 -4 6 2 0 7 9 -9 -5 2 10 -10 -8 -6 5
9 3 -8 -8 -2 -3 1 -8 9 -9 2 2 9 10 6 -1 9 -9 -5 10 5 4 -10 -4
6 -1 -4 -9 9 6 6 -3 9 -5 -9 1 -3 10 -10 -5 -8 -2 2 1 2 2 8
-4 6 -10 -8 -8 7 -1 7 8 1 1 -2 -3 9 -4 4 2 8 -10 -2 -5 3
6 -7 7 -8 6 -1 0 -7 6 -2 7 8 -2 4 2 8 5 -3 0 4 4
8 -10 5 -7 -2 -8 2 10 -3 -3 0 3 1 6 7 -10 -2 -3 -1 -8
2 0 -8 7 -5 5 0 1 -4 8 -2 -5 -4 5 -4 -3 -3 -2 -4
-3 -4 -3 9 1 -6 -7 -7 -8 5 9 -10 7 -9 5 1 9 0
5 8 -2 5 -5 6 -2 2 -3 8 -6 -9 6 3 5 7 -9
6 1 2 -5 4 -7 6 4 0 -10 -10 -4 2 8 -7 0
1 9 -2 -5 7 -2 -3 -2 5 9 0 1 -5 5 3
-4 3 1 1 2 -2 4 -5 8 -6 8 -3 -7 -2
-3 7 3 2 -4 -6 -6 5 -10 -5 3 5 -6
10 6 7 0 5 -1 -2 7 8 -9 2 -7
-5 -9 -4 -2 5 10 -7 4 0 -2 1
1 7 7 -2 1 -10 3 -7 1 9
-4 8 8 10 10 7 -5 -1 1
0 6 5 4 -8 2 9 -1
4 10 -6 -5 10 0 3
10 9 8 2 -8 -8
-5 0 -3 0 0
10 -1 -2 9
10 2 -2
4 1
8
