25
4 3 5 5 2 1 4 5 4 2 2 3 2 3 2 0 1 5 3 3 3 2 4 4 3
1 6 8 12
6 19 24
5 7 16 21 24
1 4 16 17 20
3 15
13
7 9 15 23
2 3 7 11 25
2 12 14 18
21 25
14 16
17 18 22
17 20
6 11 14
11 19

8
5 9 10 20 21
5 12 23
8 18 22
1 10 22
4 24
9 10 13 23
2 3 4 19
13 15 25
-8 -3 -7 2 -2 4 10 1 -5 1 1 -4 -2 10 -8 9 10 -5 7 -3 -5 4 2 -2 10
7 -3 0 -9 -3 -9 0 2 -2 -8 -4 8 0 -4 10 5 2 10 4 -6 -2 -6 -3 7
7 -2 8 3 8 2 1 -3 -6 6 5 -8 -9 -7 -6 10 -5 3 9 -8 2 2 9
4 6 -2 7 -10 -7 7 -2 10 0 -7 -1 3 -5 4 -10 -2 6 -5 6 -7 10
-1 10 6 9 -4 -6 1 -5 7 6 -10 9 0 5 -10 -7 1 -1 -3 -9 -3
8 -8 -8 5 -8 7 -6 -6 5 7 -5 -2 6 9 3 -4 7 -4 -1 2
10 1 4 6 4 -7 -3 -3 -8 0 -10 8 7 -3 8 -3 -10 -8 10
-9 -3 -8 -9 0 -8 6 -3 -2 5 -4 7 -6 8 8 5 -3 5
3 -4 -7 -7 3 1 3 3 4 -9 10 10 -7 -9 2 0 -7
-3 -4 -4 7 4 -6 3 -5 -2 4 -3 -8 4 7 -7 -9
10 7 -10 -8 -3 -5 3 5 5 -4 2 -9 -5 2 -10
2 -2 4 -1 3 7 5 -6 -4 -1 -4 -9 8 7
-9 0 -9 -9 8 5 6 6 -5 -9 6 -8 -5
-8 9 -8 -3 2 -7 8 -3 8 9 -9 9
-8 3 8 8 6 0 -2 -4 0 -3 -2
2 -6 10 -1 4 0 -8 -10 4 9
8 -7 -8 7 -4 6 -2 -6 1
-8 -3 1 -1 -5 4 7 -1
9 10 6 -10 7 -1 -7
-6 -2 -7 -7 7 -6
-2 -1 9 -4 0
-4 10 -2 6
5 -2 -9
-8 10
3
