200
49 50 47 10 48 10 50 48 45 10 10 49 46 10 50 49 10 45 10 48 49 47 48 10 49 10 49 50 10 50 49 10 10 10 10 47 49 49 10 10 10 47 10 10 10 49 10 10 10 49 10 49 10 49 47 10 10 48 48 10 10 10 10 47 47 49 10 48 46 10 47 49 10 47 10 48 49 49 48 48 48 10 50 10 10 49 10 48 10 10 50 10 10 10 49 10 10 10 10 47 49 45 46 10 49 48 10 48 50 10 49 50 10 10 10 48 10 10 49 49 10 46 10 10 10 49 10 10 47 10 10 10 47 10 10 10 10 48 10 47 48 10 10 47 10 46 10 10 48 47 48 48 48 10 48 48 50 47 10 10 47 48 10 47 49 10 10 49 48 10 45 48 10 46 10 10 10 48 47 47 47 47 10 10 10 10 10 50 49 50 10 10 47 47 10 10 46 10 49 50
130 2 7 8 9 138 140 12 144 23 152 24 151 155 27 29 25 164 36 167 40 41 169 174 51 182 56 57 58 186 60 189 190 63 192 187 68 198 71 72 87 88 89 92 98 108 109 115 118
130 2 7 8 9 140 142 144 148 21 23 152 24 151 155 27 29 159 161 164 36 167 40 41 169 174 50 51 181 182 56 57 58 186 60 189 190 63 192 198 71 72 76 87 88 93 97 108 109 115
130 2 7 8 9 140 144 21 23 152 24 151 155 27 29 26 164 36 167 40 41 169 170 174 51 182 56 57 58 186 60 189 190 63 192 59 198 71 72 75 87 88 98 108 109 115 117
69 166 42 172 175 180 54 91 94 95
130 2 7 8 9 137 140 144 23 152 24 151 155 27 29 163 164 36 167 40 41 169 42 44 174 51 182 56 57 58 186 60 189 190 63 192 187 198 71 72 70 87 88 98 108 109 115 119
197 199 103 9 15 176 81 84 57 59
128 130 2 7 8 9 140 144 146 23 152 24 151 155 27 29 164 36 165 167 40 41 169 168 37 174 51 182 55 56 57 58 186 60 189 190 63 192 184 198 71 72 81 87 88 102 108 109 115 118
130 2 7 8 9 138 140 144 150 23 152 24 151 155 27 29 164 36 167 40 41 169 174 51 182 56 57 58 186 60 189 190 63 192 64 191 68 198 71 72 87 88 93 103 108 109 110 115
130 2 131 7 8 9 140 13 144 23 152 24 151 155 27 29 161 164 36 167 40 41 169 174 51 182 56 57 58 186 60 189 190 63 192 194 198 71 72 87 88 108 109 115 127
65 98 99 3 136 109 142 17 120 153
193 69 197 165 138 76 175 88 29 30
1 130 2 129 7 8 9 140 144 23 152 24 151 155 27 29 28 161 164 36 167 40 41 169 174 46 51 182 56 57 58 186 60 189 190 63 192 185 68 196 198 71 72 87 88 108 109 115 117
130 2 7 8 9 139 140 144 23 152 24 151 155 27 29 156 164 36 167 40 41 169 42 174 51 182 56 57 58 186 60 189 190 63 192 196 198 71 72 200 87 88 96 108 109 115
1 5 79 15 83 93 62 154 29 126
130 2 7 8 9 137 140 144 146 18 21 22 23 152 24 151 155 27 29 33 164 36 167 40 41 169 174 51 182 56 57 58 186 60 189 190 63 192 188 195 197 198 71 72 87 88 108 109 115 125
130 2 7 8 9 136 139 140 141 144 23 152 24 151 155 27 29 156 164 36 167 40 41 169 43 174 51 182 55 56 57 58 186 60 189 190 63 192 194 68 198 71 72 87 88 108 109 115 122
96 133 103 167 172 80 113 52 116 183
130 2 6 7 8 9 140 142 144 17 19 23 152 24 151 155 27 29 164 36 167 40 41 169 174 51 182 56 57 58 186 60 189 190 63 192 59 198 71 72 87 88 108 109 115
132 72 9 172 16 18 19 85 59 61
130 2 7 8 9 139 140 144 147 148 23 152 24 151 155 27 29 25 34 164 36 167 40 41 169 174 49 51 182 56 57 58 186 60 189 190 63 192 198 71 72 87 88 105 108 109 115 122
130 2 7 8 9 140 14 144 23 152 24 151 155 27 29 164 36 166 167 40 41 169 168 173 174 51 182 56 57 58 186 60 189 190 63 192 187 198 71 72 87 88 91 106 108 109 111 115 120
130 2 7 8 9 138 140 144 23 152 24 151 155 27 29 28 164 36 167 40 41 169 174 49 50 51 182 56 57 58 186 60 189 190 63 192 187 64 198 71 72 87 88 104 108 109 115
130 2 7 8 9 139 140 141 13 144 20 23 152 24 151 155 27 29 26 164 36 167 40 41 169 174 51 182 56 57 58 186 60 189 190 63 192 64 198 71 72 87 88 108 109 114 115 119
193 103 105 43 16 125 55 24 124 61
1 130 2 7 8 9 140 143 144 23 152 24 151 155 27 29 164 36 167 40 41 169 170 174 51 179 182 56 57 58 186 60 189 190 63 192 188 68 198 71 72 74 87 88 100 108 109 115 117
192 40 139 76 15 16 49 149 56 189
129 130 2 131 7 8 9 136 140 13 15 144 21 150 23 152 24 151 155 27 29 164 36 167 40 41 169 174 48 51 182 56 57 58 186 60 189 190 63 192 198 71 72 87 88 108 109 115 123
130 2 7 8 9 11 140 144 18 146 149 23 152 24 151 155 27 29 153 31 164 36 167 40 41 169 173 174 51 182 56 57 58 186 60 189 190 63 192 61 64 198 71 72 87 88 104 108 109 115
67 134 169 108 172 145 81 53 150 184
130 2 7 8 9 140 144 19 23 152 24 151 155 27 29 34 164 36 166 167 40 41 169 172 174 51 182 56 57 58 186 60 189 190 63 192 193 68 198 71 72 77 81 87 88 102 108 109 115 118
130 2 7 8 9 138 140 144 145 19 23 152 24 151 155 27 29 26 160 34 164 36 167 40 41 169 174 51 182 55 56 57 58 186 60 189 190 63 192 68 198 71 72 87 88 90 108 109 115
168 73 41 140 78 113 181 157 63 95
35 68 170 171 77 142 27 28 30 191
163 68 70 88 73 176 53 54 184 155
65 1 163 198 71 12 109 14 86 24
130 2 3 7 8 9 140 142 144 23 152 24 151 155 27 29 164 36 167 40 41 169 42 174 51 181 182 56 57 58 186 60 189 190 63 192 68 198 71 72 87 88 108 109 110 114 115
130 2 7 8 9 10 140 142 144 150 23 152 24 151 155 27 29 33 164 36 38 167 40 41 169 39 174 177 51 182 56 57 58 186 60 189 190 63 192 198 71 72 87 88 95 108 109 111 115
130 2 7 8 9 11 140 144 23 152 24 151 155 27 29 164 36 167 40 41 169 171 174 175 51 182 54 56 57 58 186 60 189 190 63 192 64 198 71 72 200 87 88 91 92 94 108 109 115
192 7 40 105 42 106 46 189 61 159
64 98 69 41 106 10 172 180 28 189
58 7 169 79 50 52 118 57 90 59
130 2 131 7 8 9 138 140 144 18 23 152 24 151 155 27 29 164 36 165 167 40 41 169 174 51 182 56 57 58 186 60 189 190 63 192 198 71 72 85 87 88 90 103 108 109 115
89 67 68 10 46 112 149 153 28 30
66 131 99 12 112 81 49 148 156 30
1 134 138 172 176 51 94 185 189 190
130 2 7 8 9 140 144 23 152 24 151 155 27 29 160 32 164 36 167 40 41 169 171 170 174 51 182 56 57 58 186 60 189 190 63 192 185 198 71 72 77 80 81 85 87 88 108 109 115
33 98 104 171 76 108 142 50 179 84
1 104 74 45 78 141 111 146 54 158
131 168 173 114 83 55 120 122 156 189
130 2 132 7 8 9 140 144 22 23 152 24 151 155 27 29 159 163 164 36 167 40 41 169 170 174 51 182 56 57 58 186 60 189 190 63 192 193 61 198 71 72 73 86 87 88 108 109 115
197 38 7 122 12 51 19 58 157 63
130 2 7 8 9 140 144 148 23 152 24 151 155 27 29 162 164 36 38 167 40 41 169 174 50 51 179 182 56 57 58 186 60 189 190 63 192 184 198 71 72 87 88 99 103 108 109 115 127
193 2 133 198 200 109 46 179 57 28
130 2 7 8 9 136 140 143 144 23 152 24 151 155 27 29 153 32 35 164 36 167 40 41 169 171 174 51 182 56 57 58 186 60 189 190 63 192 64 198 71 72 87 88 108 109 115 117 119
130 2 7 8 9 140 141 144 23 152 24 151 155 27 29 157 164 36 167 40 41 169 174 51 182 56 57 58 186 60 189 190 63 192 185 194 191 198 71 72 87 88 108 109 110 114 115
64 193 67 164 197 134 71 200 116 125
70 71 74 139 113 82 20 86 183 61
130 2 7 8 9 140 144 17 23 152 24 151 155 27 29 164 36 167 40 41 169 39 174 178 51 181 182 55 56 57 58 186 60 189 190 63 192 198 71 72 87 88 99 105 107 108 109 115
130 2 6 7 8 9 140 144 16 150 23 152 24 151 155 27 29 164 36 167 40 41 169 174 51 179 53 182 56 57 58 186 60 189 190 63 192 198 71 72 87 88 100 107 108 109 115 120
193 2 98 196 100 91 108 77 148 123
100 70 8 140 112 87 189 57 155 125
160 33 101 7 104 137 43 120 186 152
98 35 67 165 7 13 110 47 22 119
130 2 7 8 9 140 144 21 23 152 24 151 155 27 29 164 36 167 40 41 169 174 51 182 56 57 58 186 60 189 190 63 192 193 65 195 198 71 72 84 87 88 98 108 109 115 117
130 2 7 8 9 139 140 11 14 144 18 23 152 24 151 155 27 29 164 36 167 40 41 169 174 51 182 56 57 58 186 60 189 190 63 192 194 198 71 72 200 87 88 90 108 109 115
130 2 6 7 8 9 140 144 23 152 24 151 155 27 29 30 160 33 164 36 167 40 41 169 172 174 51 52 182 56 57 58 186 60 189 190 63 192 64 62 198 71 72 87 88 108 109 115 122
192 66 197 43 156 180 56 120 184 95
130 2 7 8 9 140 144 148 149 23 152 24 151 155 27 29 28 164 36 167 40 41 169 42 174 51 182 56 57 58 186 60 189 190 63 192 184 198 71 72 80 87 88 97 102 108 109 115
130 2 7 8 9 140 144 23 152 24 151 155 27 29 154 161 164 36 167 40 41 169 174 176 177 51 179 182 56 57 58 186 60 189 190 63 192 198 71 72 78 87 88 108 109 115
130 166 137 170 11 110 145 18 89 95
130 2 7 8 9 140 144 23 152 24 151 155 27 29 28 163 164 36 167 40 41 169 174 51 182 56 57 58 186 60 189 190 63 192 198 71 72 87 88 93 108 109 111 112 115 118 126
130 2 134 7 8 9 138 140 144 23 152 24 151 155 27 29 158 164 36 167 40 41 169 174 51 182 56 57 58 186 60 189 190 63 192 188 198 71 72 70 199 87 88 108 109 112 115 120 124
193 72 172 146 83 116 119 23 157 63
130 2 7 8 9 140 144 23 152 24 151 155 27 29 164 36 167 40 41 169 174 47 51 182 55 56 57 58 186 60 189 190 63 192 67 198 71 72 84 87 88 91 108 109 115 125 127
3 133 71 105 143 49 180 22 185 62
130 2 5 7 8 9 140 144 23 152 24 151 155 27 29 164 36 166 167 40 41 169 174 177 51 182 183 56 57 58 186 60 189 190 63 192 62 195 198 71 72 87 88 108 109 115 122 126
130 2 7 8 9 136 140 142 144 149 23 152 24 151 155 27 29 164 36 167 40 41 169 170 174 178 51 182 56 57 58 186 60 189 190 63 192 198 71 72 79 87 88 95 104 108 109 115 122
130 2 7 8 9 140 141 144 23 152 24 151 155 27 29 164 36 167 40 41 169 174 51 180 182 56 57 58 186 60 189 190 63 192 191 65 198 71 72 70 79 85 87 88 91 108 109 115 117
130 2 7 8 9 138 140 144 23 152 24 151 155 27 29 31 164 36 167 40 41 169 174 48 177 50 51 182 56 57 58 186 60 189 190 63 192 191 196 198 71 72 81 87 88 108 109 115
130 2 7 8 9 135 140 144 23 152 24 151 155 27 29 153 26 164 36 167 40 41 169 174 50 51 182 56 57 58 186 60 189 190 63 192 59 195 198 71 72 73 76 87 88 108 109 115
130 2 4 7 8 9 137 140 12 14 142 144 23 152 24 151 155 27 29 33 164 36 167 40 41 169 174 51 182 56 57 58 186 60 189 190 63 192 198 71 72 75 78 87 88 108 109 115
33 193 164 4 73 123 147 121 27 126
130 2 7 8 9 140 14 144 17 19 148 23 152 24 151 155 27 29 30 164 36 167 40 41 169 174 48 51 182 56 57 58 186 60 189 190 63 192 65 198 71 72 87 88 103 108 109 115 123 126
64 196 39 107 78 14 143 145 22 31
98 134 199 77 110 114 116 151 58 159
130 2 7 8 9 140 144 16 55 23 152 24 151 155 27 29 157 159 26 161 164 36 167 40 41 169 174 51 182 54 56 57 58 186 60 189 190 63 192 196 68 198 71 72 87 88 108 109 115
1 41 105 45 142 177 20 116 153 62
130 2 7 8 9 140 144 19 23 152 24 151 155 27 29 164 36 167 40 41 169 174 176 51 180 181 182 56 57 58 186 60 189 190 63 192 68 198 71 72 73 74 87 88 108 109 115 117
161 166 39 170 140 109 51 151 58 30
192 37 74 43 79 16 113 146 19 153
129 130 2 7 8 9 139 140 144 21 23 152 24 151 155 27 29 164 36 167 40 41 169 174 177 51 180 182 56 57 58 186 60 189 190 63 192 198 71 72 70 78 87 88 104 108 109 113 115 127
65 7 59 173 111 83 148 24 155 189
194 196 69 6 133 11 173 45 148 121
163 72 105 47 112 150 24 121 90 126
130 2 7 8 9 140 144 23 152 24 151 155 27 29 164 36 167 40 41 169 42 172 170 174 178 51 182 56 57 58 186 60 189 190 63 192 198 71 72 74 85 87 88 103 106 108 109 115 127
65 198 104 10 141 81 83 117 23 30
160 1 133 169 106 139 14 49 119 93
161 34 195 69 74 141 14 113 114 53
32 162 8 41 142 80 182 156 125 62
128 130 2 7 8 9 140 144 23 152 24 151 155 27 29 30 31 164 36 166 167 40 41 169 174 51 182 56 57 58 186 60 189 190 63 192 184 198 71 72 87 88 105 108 109 115 119
130 2 7 8 9 140 142 144 23 152 24 151 155 27 29 164 36 38 167 40 41 169 174 51 181 182 56 57 58 186 60 189 190 63 192 198 71 72 70 87 88 99 107 108 109 115 117 121 124
130 2 131 7 8 9 140 144 18 23 152 24 151 155 27 29 154 35 164 36 167 40 41 169 174 51 182 56 57 58 186 60 189 190 63 192 198 71 72 87 88 107 108 109 115
1 130 2 7 8 9 140 144 149 23 152 24 151 155 27 29 164 36 167 40 41 169 39 174 51 182 56 57 58 186 60 189 190 63 192 198 71 72 73 77 87 88 108 109 115 126
97 196 140 142 49 83 179 117 86 89
130 2 7 8 9 140 12 144 23 152 24 151 155 27 29 164 36 167 40 41 169 174 51 181 182 56 57 58 186 60 189 190 63 192 191 198 71 72 199 82 87 88 98 99 106 108 109 115 122
129 130 2 7 8 9 10 140 144 23 152 24 151 155 27 29 26 33 164 36 167 40 41 169 170 39 174 51 182 56 57 58 186 60 189 190 63 192 198 71 72 85 87 88 108 109 115 127
4 37 135 168 105 40 113 117 185 26
130 2 7 8 9 137 140 144 21 23 152 24 151 155 27 29 160 164 36 167 40 41 169 173 174 178 51 182 56 57 58 186 60 189 190 63 192 68 198 71 72 85 87 88 102 108 109 115
130 2 7 8 9 10 139 140 144 18 23 152 24 151 155 27 29 159 161 164 36 167 40 41 169 174 51 182 56 57 58 186 60 189 190 63 192 184 61 195 198 71 72 82 87 88 108 109 115 125
192 195 163 74 112 114 181 24 26 59
130 2 7 8 9 140 12 15 144 23 152 24 151 155 27 29 164 36 38 167 40 41 169 174 51 182 56 57 58 186 60 189 190 63 192 198 71 72 76 77 84 87 88 92 96 108 109 111 115
130 2 7 8 9 140 144 145 21 23 152 24 151 155 27 29 157 159 164 36 167 40 41 169 44 45 174 175 47 51 182 56 57 58 186 60 189 190 63 192 198 71 72 87 88 98 106 108 109 115
128 66 3 164 37 171 150 119 118 60
41 74 140 77 174 114 19 151 120 89
65 99 109 78 28 177 51 117 124 61
130 2 3 6 7 8 9 140 144 145 148 23 152 24 151 155 27 29 164 36 167 40 41 169 174 51 180 182 56 57 58 186 60 189 190 63 192 198 71 72 76 87 88 92 102 108 109 115
128 199 200 74 91 13 57 59 156 191
65 194 161 36 197 169 174 175 185 159
130 2 7 8 9 11 140 144 149 23 152 24 151 155 27 29 161 34 164 36 166 167 40 41 169 174 51 182 56 57 58 186 60 189 190 63 192 188 198 71 72 80 87 88 94 108 109 113 115
130 2 7 8 9 136 139 140 144 23 152 24 151 155 27 29 34 164 36 167 40 41 169 45 174 51 52 182 56 57 58 186 60 189 190 63 192 198 71 72 76 84 87 88 94 107 108 109 115
192 66 70 43 76 20 87 120 124 30
130 2 4 7 8 9 140 143 144 23 152 24 151 155 27 29 164 36 167 40 41 169 173 174 51 182 56 57 58 186 60 189 190 63 192 68 198 71 72 87 88 94 102 108 109 115
192 96 98 68 164 173 117 150 28 95
163 166 7 144 17 84 121 57 157 159
36 167 105 10 12 78 180 25 30 127
130 2 7 8 9 138 139 140 144 23 152 24 151 155 27 29 35 164 36 167 40 41 169 172 174 51 179 182 56 57 58 186 60 189 190 63 192 191 198 71 72 87 88 95 100 108 109 115 117
40 168 158 107 105 72 9 26 187 126
166 140 176 114 61 56 26 92 93 95
130 2 7 8 9 140 144 23 152 24 151 155 27 29 153 32 164 36 165 167 40 41 169 170 174 49 51 182 55 56 57 58 186 60 189 190 63 192 198 71 72 87 88 108 109 115 117
33 196 13 142 145 18 53 86 54 63
1 34 65 38 199 71 139 85 153 60
34 4 5 7 170 61 83 151 92 29
130 2 7 8 9 135 140 14 144 17 23 152 24 151 155 27 29 30 33 164 36 167 40 41 169 174 51 182 56 57 58 186 60 189 190 63 192 191 198 71 72 87 88 108 109 115 122
129 132 169 12 116 152 57 187 28 158
165 103 8 110 16 176 118 123 28 126
160 33 38 71 17 114 83 19 21 156
98 130 136 76 141 84 117 183 153 155
130 2 7 8 9 140 142 144 23 152 24 151 155 27 29 30 164 36 167 40 41 169 168 174 51 180 182 56 57 58 186 60 189 190 63 192 185 197 198 71 72 87 88 108 109 111 115 116
103 106 107 171 110 81 117 87 25 187
130 2 7 8 9 140 144 18 22 23 152 24 151 155 27 29 25 164 36 167 40 41 169 174 176 51 182 56 57 58 186 60 189 190 63 192 191 198 71 72 87 88 108 109 111 115 122
130 2 7 8 9 140 143 144 16 23 152 24 151 155 27 29 32 34 164 36 167 40 41 169 172 174 51 182 56 57 58 186 60 189 190 63 192 198 71 72 85 87 88 91 106 108 109 115
193 27 74 109 14 80 148 185 154 91
196 90 40 169 28 143 58 124 30 95
130 2 7 8 9 140 143 144 23 152 24 151 155 27 29 158 160 164 36 165 167 40 41 169 173 174 51 182 56 57 58 186 60 189 190 63 192 197 198 71 72 87 88 108 109 110 115
196 69 70 8 169 47 80 178 180 87
130 2 7 8 9 140 144 145 18 23 152 24 151 155 27 29 163 164 36 37 167 40 41 169 174 47 51 182 56 57 58 186 60 189 190 63 192 198 71 72 87 88 103 108 109 115
97 41 108 80 84 117 56 185 88 95
194 40 41 13 14 173 146 22 153 159
130 2 132 7 8 9 140 144 23 152 24 151 155 27 29 156 164 36 167 40 41 169 170 174 51 182 56 57 58 186 60 189 190 63 192 194 198 71 72 70 87 88 107 108 109 114 115 125
130 2 7 8 9 135 140 12 144 23 152 24 151 155 27 29 164 36 167 40 41 169 171 174 51 182 56 57 58 186 60 189 190 63 192 198 71 72 73 79 87 88 108 109 111 115 125
130 2 7 8 9 140 15 144 23 152 24 151 155 27 29 154 164 36 167 40 41 169 174 51 53 182 55 56 57 58 186 60 189 190 63 192 66 196 197 198 71 72 78 87 88 108 109 115
128 130 2 7 8 9 137 140 144 23 152 24 151 155 27 29 31 34 164 36 167 40 41 169 45 174 51 181 182 56 57 58 186 60 189 190 63 192 198 71 72 87 88 98 108 109 111 115
130 2 5 7 8 9 11 140 144 19 23 152 24 151 155 27 29 164 36 167 40 41 169 172 174 51 182 56 57 58 186 60 189 190 63 192 198 71 72 87 88 91 102 108 109 112 115 118
164 104 107 75 110 81 147 148 182 30
130 2 7 8 9 140 144 23 152 24 151 155 27 29 28 159 164 36 167 40 41 169 44 174 177 51 182 56 57 58 186 60 189 190 63 192 198 71 72 84 87 88 93 108 109 112 115 118
130 2 7 8 9 135 140 144 21 23 152 24 151 155 27 29 164 36 167 40 41 169 174 51 182 56 57 58 186 60 189 190 63 192 191 198 71 72 200 80 86 87 88 102 103 108 109 115
130 2 131 7 8 9 136 140 144 23 152 24 151 155 27 29 30 163 164 36 166 167 40 41 169 38 174 50 51 182 56 57 58 186 60 189 190 63 192 187 198 71 72 199 87 88 90 108 109 115
130 2 7 8 9 140 144 20 23 152 24 151 155 27 29 164 36 38 167 40 41 169 168 45 174 46 51 182 56 57 58 186 60 189 190 63 192 66 195 198 71 72 87 88 108 109 115
161 194 195 165 175 145 115 149 119 127
160 161 162 39 81 113 83 18 114 121
130 2 7 8 9 10 140 15 144 19 23 152 24 151 155 27 29 164 36 167 40 41 169 174 51 182 56 57 58 186 60 189 190 63 192 198 71 72 80 87 88 91 108 109 115 116 119
130 2 7 8 9 140 144 20 149 23 152 24 151 155 27 29 158 153 164 36 166 167 40 41 169 174 51 182 56 57 58 186 60 189 190 63 192 198 71 72 74 87 88 99 108 109 115 119
129 167 11 49 147 116 83 122 155 190
130 2 7 8 9 11 140 144 16 22 23 152 24 151 155 27 29 164 36 166 167 40 41 169 45 174 51 182 183 56 57 58 186 60 189 190 63 192 198 71 72 87 88 108 109 115 116
130 2 134 7 8 9 135 140 144 23 152 24 151 155 27 29 157 164 36 167 40 41 169 174 51 182 56 57 58 186 60 189 190 63 192 198 71 72 73 87 88 94 96 100 105 108 109 113 115
162 166 174 14 143 17 85 86 25 154
65 39 73 169 170 21 86 150 186 155
130 2 7 8 9 140 144 22 23 152 24 151 155 27 29 153 34 164 36 167 40 41 169 168 170 174 51 179 182 56 57 58 186 60 189 190 63 192 198 71 72 80 87 88 90 101 108 109 115
130 2 7 8 9 135 140 144 23 152 24 151 155 27 29 33 164 36 165 167 40 41 169 172 174 176 51 180 182 56 57 58 186 60 189 190 63 192 198 71 72 85 87 88 97 108 109 115
131 5 197 109 47 80 125 55 88 93
130 2 7 8 9 135 139 140 144 20 23 152 24 151 155 27 29 26 164 36 167 40 41 169 174 51 182 56 57 58 186 60 189 190 63 192 198 71 72 76 87 88 108 109 115
130 2 7 8 9 140 144 23 152 24 151 155 27 29 153 159 34 164 36 167 40 41 169 42 174 47 178 51 182 56 57 58 186 60 189 190 63 192 197 198 71 72 87 88 97 108 109 115
106 43 12 174 113 114 157 185 61 94
130 2 7 8 9 137 140 144 23 152 24 151 155 27 29 164 36 167 40 41 169 174 50 51 182 56 57 58 186 60 189 190 63 192 62 198 71 72 80 87 88 95 108 109 115 121
129 98 197 200 73 136 42 108 113 119
96 65 36 165 27 14 142 183 155 124
32 196 132 70 38 73 42 112 116 22
129 130 2 7 8 9 140 14 144 23 152 24 151 155 27 29 164 36 167 40 41 169 174 51 182 56 57 58 186 60 189 190 63 192 61 198 71 72 87 88 90 96 102 107 108 109 115 116
130 2 7 8 9 140 144 21 23 152 24 151 155 27 29 26 164 36 38 167 40 41 169 174 51 182 183 56 57 58 186 60 189 190 63 192 198 71 72 82 86 87 88 96 108 109 115
130 2 7 8 9 140 144 21 23 152 24 151 155 27 29 158 164 36 167 40 41 169 174 51 179 181 182 56 57 58 186 60 189 190 63 192 195 198 71 72 74 87 88 108 109 115 121
130 2 7 8 9 136 140 141 144 23 152 24 151 155 27 29 156 164 36 167 40 41 169 39 174 51 182 56 57 58 186 60 189 190 63 192 187 198 71 72 199 74 87 88 108 109 115
128 130 2 7 8 9 140 13 144 17 23 152 24 151 155 27 29 32 160 164 36 167 40 41 169 174 51 182 56 57 58 186 60 189 190 63 192 62 198 71 72 87 88 108 109 115 118
1 162 132 5 37 75 110 148 184 62
135 107 171 172 48 18 147 22 93 62
96 65 130 163 100 6 140 12 142 121
161 198 169 92 18 149 89 27 188 62
35 165 200 140 12 45 176 86 87 91
130 2 7 8 9 10 140 144 17 23 152 24 151 155 27 29 162 35 164 36 167 40 41 169 174 47 51 179 182 56 57 58 186 60 189 190 63 192 184 198 71 72 199 87 88 108 109 115 118 123
130 2 132 7 8 9 11 140 12 144 23 152 24 151 155 27 29 164 36 167 40 41 169 174 51 52 182 56 57 58 186 60 189 190 63 192 65 198 71 72 80 81 87 88 102 108 109 115 122
130 2 7 8 9 140 13 144 23 152 24 151 155 27 29 32 164 36 166 167 40 41 169 168 174 49 51 182 56 57 58 186 60 189 190 63 192 198 71 72 200 74 70 85 87 88 92 108 109 115
128 99 103 112 113 48 178 87 95 191
69 133 155 109 140 111 47 21 22 187
130 2 7 8 9 140 144 21 23 152 24 151 155 27 29 164 36 167 40 41 169 170 174 51 182 56 57 58 186 60 189 190 63 192 184 198 71 72 76 79 84 87 88 108 109 110 115
130 2 7 8 9 11 140 144 23 152 24 151 155 27 29 158 164 36 167 40 41 169 174 51 182 56 57 58 186 60 189 190 63 192 187 198 71 72 87 88 90 91 108 109 112 114 115
192 164 132 104 41 172 174 15 20 94
33 37 166 200 9 174 113 18 156 61
130 2 7 8 9 140 144 146 23 152 24 151 155 27 29 164 36 167 40 41 169 174 51 182 56 57 58 186 60 189 190 63 192 198 71 72 87 88 95 96 99 108 109 114 115 116
64 36 102 167 136 72 81 147 30 94
128 130 2 133 7 8 9 140 144 23 152 24 151 155 27 29 31 164 36 167 40 41 169 174 48 51 181 182 56 57 58 186 60 189 190 63 192 67 68 198 71 72 199 87 88 100 108 109 115
130 2 7 8 9 140 144 19 23 152 24 151 155 27 29 157 32 35 164 36 167 40 41 169 45 174 178 51 52 182 56 57 58 186 60 189 190 63 192 198 71 72 74 87 88 108 109 115 116 126
4 -8 0 1 -8 7 7 -1 -1 -5 10 -5 1 6 -3 -7 -4 -6 -3 5 -10 1 7 8 1 4 7 -6 9 -8 -8 -1 2 5 6 3 3 8 -8 -6 0 10 -8 4 4 6 1 -6 7 10 8 -5 -6 3 6 -9 -7 6 -6 -1 -5 -5 0 -3 1 6 -1 -8 -2 -4 10 7 -2 -6 10 -1 9 7 -8 6 10 -5 8 8 -6 -5 9 9 0 8 -9 -10 -8 -9 10 8 -2 10 -4 8 3 9 10 -10 5 10 7 -1 10 -1 5 -3 2 -1 4 -8 -9 -5 4 3 5 4 -4 0 9 -6 0 0 1 2 -6 1 6 7 -7 0 -3 4 -7 -2 4 -3 -6 -7 -9 -1 2 9 3 -3 -5 0 8 0 -4 -5 5 6 4 5 -1 5 -10 -8 2 6 4 -3 -4 8 1 -9 -9 -1 5 9 10 5 -1 7 -10 -7 3 -6 -2 1 2 1 -9 2 -9 8 7 -4 1 7 -1 -8 2 6
4 7 -2 9 9 -7 -6 -7 2 1 0 7 1 -6 -4 9 6 2 6 -9 -9 -9 -6 0 5 6 4 -6 9 6 -6 0 9 0 -5 2 9 -1 8 0 6 6 7 5 8 -1 5 -10 1 0 -7 3 8 -1 10 -10 9 5 -2 10 8 8 -3 -9 8 5 -5 6 10 9 2 -6 -3 -9 8 -7 -4 -10 4 0 3 -6 3 -4 3 6 9 5 -9 -6 6 -4 7 0 5 6 2 0 -5 4 7 0 7 1 10 -2 9 5 -4 -3 -2 7 -1 -3 -1 -1 -4 5 0 5 1 7 -2 -1 -7 8 7 2 2 1 -6 -1 -9 -1 -8 1 4 10 -2 5 -4 -4 7 -2 7 -2 -6 -7 9 8 -3 -3 -9 6 -3 10 -3 -9 -7 3 0 5 -7 -6 -10 7 -5 3 10 5 5 10 -4 -1 0 -1 10 -9 -8 10 8 -3 7 -9 -5 3 -5 -9 2 5 -5 -1 -9 -10 -1 8 9 -7 0
-1 4 10 7 6 5 -6 6 4 -2 -4 -7 0 -5 4 10 -2 -5 -10 0 -1 8 -4 -5 9 10 2 3 6 0 -8 2 -7 -5 -6 5 0 -3 -10 -2 2 -3 4 -2 0 -1 8 8 -10 -2 10 1 -3 -9 -7 4 -1 -5 2 6 -1 -7 10 -1 1 9 -3 -3 -6 5 -6 4 9 1 3 7 5 7 -4 -3 9 -8 6 4 6 1 -8 8 -7 -9 7 6 -4 8 7 -6 -5 0 6 4 -7 -4 8 5 -8 6 4 -9 4 -6 6 3 4 8 -9 7 4 -1 -10 2 -2 -10 -4 8 -8 -9 3 1 -8 7 -9 -8 5 -9 -1 3 -5 -6 10 10 3 1 2 4 2 2 -8 7 -6 10 1 -7 -5 7 2 6 -6 -3 -10 -10 -1 4 7 3 7 2 -3 -3 4 1 -6 -2 -4 -7 -9 3 9 -10 -3 -4 -8 -7 9 -9 4 9 -9 -3 -9 2 4 -3 7 -4 -9 -6 6 -1
-3 8 0 8 9 0 -3 -1 -6 6 -3 3 -1 -2 -9 7 8 -5 10 3 7 5 -9 1 10 2 6 0 3 3 -6 -1 2 -5 7 5 -3 -3 -1 -6 4 -9 7 3 3 7 6 -6 2 -3 -2 -4 0 10 -8 4 1 -8 7 -4 -9 -2 2 9 9 -9 -8 -4 8 7 -4 5 -4 0 -1 -10 -4 -4 -7 5 -3 9 -4 2 -3 7 0 -1 2 4 7 10 1 -1 -2 1 6 5 4 -7 5 0 -4 1 0 3 -9 8 -3 -6 -10 -2 7 8 8 3 -1 -6 -4 0 -3 2 8 -3 5 7 10 0 -2 5 10 5 4 -5 1 -5 -6 7 5 -5 7 10 -9 6 -9 -8 -9 -10 3 -6 10 -3 -8 -6 -10 -4 6 4 1 -9 9 10 9 5 5 -10 -10 7 7 3 -10 -10 6 -2 7 -1 -10 6 3 -5 -7 -7 6 -6 -3 -4 9 6 -2 1 -2 2 -8 1 2 4 8
-3 -3 -1 -8 10 10 -9 -8 2 2 2 7 5 -9 10 -10 -5 -8 5 3 10 0 8 -7 6 -9 -3 -4 8 5 -2 -9 -8 -2 7 8 -9 -5 0 -10 -4 8 -6 2 -8 -1 -5 8 -3 8 2 7 0 2 -6 -8 6 1 -9 -7 3 -3 -8 0 9 9 9 2 0 -10 10 -2 4 5 -3 1 7 2 3 -5 8 2 -8 9 -1 -3 -8 -8 -2 -6 2 10 -6 2 0 1 -7 -8 -10 -1 4 1 -2 -7 -6 -8 -5 3 4 7 7 6 3 -7 -10 -8 1 7 -8 9 9 0 2 -10 -1 3 2 -8 7 -3 8 6 -5 2 -5 -6 -2 -1 -2 5 -6 -8 -5 3 -2 3 -1 5 -8 1 -2 -3 10 5 9 9 -4 4 -7 -6 -1 -10 2 0 9 2 0 4 0 3 10 9 -6 -1 0 9 -4 5 0 -5 2 0 -1 10 5 8 -3 0 2 -2 2 1 -7 8 -4 8
7 -5 7 -10 4 -4 4 -1 -8 3 5 -6 10 -1 -3 -2 -6 3 2 -8 4 9 5 8 2 7 6 3 7 -9 1 7 9 10 -8 -7 -3 1 -5 10 9 -9 8 10 10 2 0 3 -7 -10 -7 -2 -3 6 6 7 8 8 -3 4 1 2 4 8 6 -6 1 -10 5 -7 -1 3 -8 -7 -6 1 -1 0 4 -4 6 5 1 5 -7 4 4 0 -8 -1 -9 -7 -10 0 10 -7 -5 -3 6 -5 7 -5 0 7 3 4 -3 2 10 -5 -5 10 3 2 -10 9 -4 4 8 3 2 -10 -4 -4 -2 -8 8 -7 7 -5 1 0 -4 4 -7 -2 5 6 10 0 9 2 9 2 8 -7 1 1 4 9 -5 -1 9 8 -8 -6 0 -7 -3 -1 -7 -5 1 -6 6 2 3 9 -6 8 2 3 -5 5 10 7 10 -5 7 -5 5 -1 -6 -5 0 4 9 -9 1 -10 5 -6 -4 2 7
6 10 5 3 5 3 4 5 -5 -8 8 -10 -3 -1 -9 -2 -3 7 -1 -5 4 8 5 7 6 -7 8 -7 -2 7 1 7 -9 4 7 -4 3 -7 10 -3 -1 -9 4 -2 1 -8 4 -7 -3 -4 8 1 9 10 3 -5 9 -6 -4 -4 -9 8 1 7 -2 9 7 -5 0 -1 -1 8 -2 6 -7 -6 3 -9 -2 10 -6 -6 -3 -6 0 -3 2 5 -6 8 10 -2 10 3 2 4 -8 10 -8 2 6 -2 1 4 5 0 8 -10 -8 4 10 1 -8 7 2 -4 3 -4 5 -2 0 -1 0 7 8 -6 8 5 0 -9 -9 -7 10 4 -10 -7 -5 4 4 -10 3 -4 -6 10 -1 -5 -2 -8 10 1 -2 -8 1 10 -5 -9 2 10 -1 -3 3 10 -8 -7 -10 -4 5 -8 -6 8 -3 6 4 -10 -10 0 -7 3 -6 5 -8 -3 2 -8 -7 -7 0 1 -1 -6 2 -6 10 -6
-8 6 8 -10 9 10 -5 4 1 -4 10 -6 3 9 4 -4 -8 -7 -6 -7 8 2 1 3 0 -6 -3 -2 10 -8 -3 7 9 9 9 -1 -10 -1 -4 6 9 6 -4 2 -1 10 -9 -3 5 2 -7 -3 5 10 9 -8 6 -10 1 0 -6 2 8 3 1 7 -5 5 -8 -10 8 -8 -10 -2 -4 -9 -9 2 6 -1 10 6 3 3 2 -8 10 7 7 9 -6 -2 -8 -1 -8 6 -4 -6 7 0 2 8 10 10 10 -8 -1 3 -3 -9 -3 -8 3 -7 4 9 9 -9 -1 -5 -7 -10 -6 -10 -5 5 1 6 6 -2 -5 1 -6 -2 -7 -10 0 3 -2 6 -8 -2 8 10 -8 5 4 6 1 -9 5 8 -5 1 -5 -2 -7 8 -7 -3 6 -10 -9 -10 -3 -9 5 1 2 -6 -5 -9 7 10 3 -3 0 -3 3 0 -2 -8 8 1 -7 6 -9 -5 -3 6 -9 2 -8
4 -1 -1 0 -8 7 4 -10 1 -4 -1 8 -1 9 -3 4 1 8 5 -4 7 -3 -6 -10 3 -10 -3 7 1 10 -10 0 -10 2 -1 -7 -4 6 -3 3 5 -9 -6 -2 -8 -9 -3 6 3 1 4 -8 8 -7 6 -6 10 2 -8 8 8 -9 3 -6 -3 -1 -2 0 2 0 0 4 -2 -3 -8 -4 -6 8 -7 -6 -7 -5 4 4 0 3 -7 7 1 -4 4 -1 4 -2 -7 -8 -5 -1 9 -9 -4 0 -6 -8 -3 1 2 6 -9 -1 -2 -5 -10 2 4 7 7 -3 -7 4 -7 -6 -7 -10 -9 -3 -6 -4 2 1 10 10 -8 8 8 -2 -8 -10 -8 -4 10 4 -6 -8 0 -7 -9 4 -9 -5 8 3 2 5 -10 2 3 -5 1 -4 -5 -2 -2 4 -6 -9 9 9 9 -3 10 -1 5 3 7 5 -9 -8 -2 2 -6 3 -4 10 6 -3 10 7 -10 2 1 5
7 5 1 8 6 0 2 -2 -5 -10 0 9 -3 -10 -2 -9 5 6 1 8 -3 -5 -7 -3 -3 -2 7 -9 -3 8 2 1 -5 -5 -3 8 0 1 8 -10 1 8 8 -6 8 -4 5 7 -1 -5 5 -9 -8 -9 -3 9 -3 -10 6 5 -10 0 9 -4 -6 0 -5 0 -9 -10 -6 8 -6 -7 6 1 -8 1 2 8 -7 0 -1 0 -6 -5 3 10 5 10 0 -5 7 9 1 -3 8 -5 2 -1 -1 -6 -5 -10 8 2 8 -9 -5 9 0 9 -3 10 8 -7 5 -6 0 -8 -3 1 0 -5 10 -8 10 0 4 -10 -2 -4 -3 -8 1 -2 -7 -10 -9 2 4 3 -5 3 5 2 1 7 2 -7 5 8 10 -3 -5 4 -8 -9 -1 -10 0 -2 -7 -8 0 -5 2 -5 -8 7 -8 0 9 9 5 -10 3 10 -5 9 3 -5 -9 -7 0 -4 -4 3 7 7 -2
-1 -1 -3 -7 -9 2 8 7 5 -6 -9 1 -10 3 -8 -1 10 9 5 -4 -7 -10 -4 -5 10 -1 -8 5 -7 -1 2 5 5 -2 -8 10 7 2 -5 1 2 1 -5 4 -9 -2 4 4 -2 -3 -2 8 -9 -6 -7 -8 1 7 3 8 -3 7 -9 2 6 3 7 5 8 -3 5 -1 -8 2 -9 6 8 6 8 9 -6 -7 4 -5 -5 -4 -4 -6 -9 3 -8 3 -4 10 -6 9 -2 0 -8 -8 2 7 2 7 0 -2 6 4 -10 9 8 6 3 -7 3 -6 -6 8 8 8 -7 -7 8 -7 -1 7 1 3 -2 2 10 5 8 9 5 -9 -5 -2 2 -6 9 9 2 -9 2 0 -3 -9 5 -2 1 -10 0 -1 -1 -2 5 -7 -3 -6 -1 4 0 -2 3 9 10 -8 -4 4 -4 3 5 6 1 -9 6 -5 -8 -1 6 2 -6 6 8 -10 -5 -4 -4 -9
-3 -9 4 -9 1 -4 -2 1 4 6 2 10 -7 -10 -3 1 5 9 4 -5 5 8 7 1 1 -5 -2 -8 -1 -10 2 -9 -5 8 -4 -3 10 -3 -4 -2 10 3 6 -10 -10 5 -6 10 -5 9 -10 -3 -2 9 -1 10 -2 3 2 1 4 -2 -4 4 -1 6 9 2 8 -7 -10 6 1 7 10 9 9 -1 -1 -7 5 -8 0 -2 10 0 -2 -2 10 10 -1 -4 -6 6 -3 -9 9 2 0 -6 -10 10 5 -1 -2 3 2 2 -9 8 8 -4 0 -3 7 10 5 1 6 -1 -5 7 -5 -1 -7 5 -6 -2 7 -5 0 10 -8 -3 1 -3 -1 3 0 1 -2 8 -1 4 -7 5 -9 10 8 8 9 -8 5 -4 6 -7 2 6 -1 3 -9 -6 -6 -4 0 3 8 4 -6 0 -5 -8 5 0 10 -5 0 10 -9 -10 4 -2 -4 -5 8 -5 5 -8 -6
9 3 10 3 2 3 5 2 -10 -9 7 -4 1 -10 0 6 -4 -10 -10 10 -3 -3 1 -1 -6 -7 2 6 8 -1 -5 -8 -9 -1 -1 4 6 9 6 0 3 -6 0 5 1 -4 -5 2 -10 -3 -3 -6 -4 -10 8 6 -5 -7 1 10 -9 2 10 -2 7 9 -9 9 -9 -7 10 -10 -9 -7 3 4 2 -7 7 -2 5 -6 -4 10 -10 -1 3 -7 6 -2 9 9 -6 3 -7 6 9 -7 -1 -7 -7 5 -4 9 -4 -2 6 -4 1 3 -1 -5 -9 7 5 -4 5 0 -3 -10 -10 -8 -7 8 5 -6 -8 6 -8 -7 -2 10 -3 4 -1 -2 4 -9 -7 -5 -9 -1 1 0 3 -7 -7 -9 -10 -6 10 -5 0 1 4 9 -2 -8 1 0 -5 -7 2 2 4 -2 2 5 3 10 -5 -7 -6 -9 -5 -7 3 8 5 8 4 -5 9 2 1 9 -10 -6
5 5 -7 3 4 -9 -8 -2 10 0 -10 6 8 8 -3 0 6 6 9 -7 3 -3 5 1 10 2 -6 7 9 -9 -10 10 -5 6 5 5 -5 -8 5 0 -3 0 -2 -9 6 -3 7 10 2 2 -3 -8 4 4 8 4 -8 5 4 0 -7 5 10 -10 -7 2 3 -9 7 7 -10 -8 9 9 10 -1 6 7 -4 10 4 0 1 -9 -3 4 0 7 9 9 5 1 4 -7 -7 -3 -10 0 1 10 -1 7 6 1 -7 -9 -5 5 -6 3 -7 -2 9 -4 -4 -7 2 -4 4 -4 0 -7 3 -9 10 8 -7 4 4 8 6 -6 5 -10 6 -9 7 3 8 5 6 -5 8 -5 -6 -7 2 9 9 0 6 2 3 9 -3 -2 2 0 -1 4 -6 -6 3 9 6 -1 7 0 7 10 -4 -4 -4 9 -1 1 -6 10 -5 6 7 10 0 -7 1 7 5
8 8 3 7 -1 3 -10 6 -7 -10 2 -6 -9 -9 -4 -2 -5 -1 -2 -6 -9 -1 -4 7 -9 1 4 -7 9 7 -3 10 7 2 -3 6 -1 -9 2 2 3 0 7 -9 -10 -2 -4 9 4 -3 10 10 1 8 7 9 -4 -4 -1 4 -5 -8 -5 -5 6 -7 2 -9 3 -2 7 -2 -6 -5 8 -2 -10 0 4 -6 -9 -6 0 9 -9 10 9 -1 5 8 7 1 -8 0 6 -3 -5 6 -8 6 -5 3 7 7 2 -8 1 -3 -4 0 0 1 -1 -4 9 6 5 7 10 -10 -7 1 4 -3 10 9 9 -3 -9 0 2 -7 2 -2 7 -1 -10 6 1 6 6 4 5 -9 -1 10 -4 0 6 -8 -7 -5 7 7 -10 10 -8 -4 10 -4 3 -7 -4 7 3 10 -8 -6 -10 4 0 -9 -8 -8 -9 -5 -2 7 -8 8 -3 -2 3 2 4 10
2 3 0 -10 2 -7 7 -10 10 9 -8 8 -9 -8 1 6 -7 -1 -1 9 -8 -1 4 2 2 -10 5 -5 7 -3 -6 2 7 -1 10 -6 -1 10 1 -10 7 7 -6 -7 -9 -10 8 9 2 7 7 -8 -1 -4 1 -4 3 10 6 -6 -5 -5 -3 9 -2 -4 -7 -5 8 -9 7 4 10 7 -8 -1 -8 -2 -7 -4 8 5 0 1 -6 10 -3 -7 -1 9 -8 -4 0 5 4 0 9 -1 8 -6 8 8 1 0 3 -5 -10 0 -3 -3 10 3 -2 1 -6 0 5 4 4 1 -1 5 7 -7 -5 10 9 -8 -2 -6 7 -4 -2 10 -8 -8 -10 6 10 -10 8 8 2 8 -4 -9 7 -2 7 7 5 10 -6 1 2 -3 8 -1 -6 4 6 6 -8 2 1 6 -10 -3 9 -5 6 -6 4 -5 -5 8 8 -6 5 1 -9 -3 5 -3 -8
-2 1 -3 -9 -4 6 1 2 5 4 -9 -9 10 0 -7 6 10 -2 -2 8 7 8 -5 2 10 2 1 8 10 -8 6 -2 2 -3 6 2 1 1 5 5 9 -10 6 -6 4 -5 -3 -8 6 10 -2 -4 -6 -5 -5 1 9 -7 -3 3 0 -7 5 5 5 -4 8 -5 10 3 -10 -3 -9 -6 8 8 -5 -6 10 6 -9 8 -6 -9 -5 -2 -5 6 2 9 8 10 -10 -1 -8 -4 4 9 5 5 -5 -3 3 9 -6 8 -5 9 6 -2 -5 0 4 9 8 -8 -3 2 2 -6 -7 -10 -4 6 6 3 -6 9 -7 -5 5 9 9 -9 7 6 -7 -8 5 -6 9 7 -10 10 3 6 3 1 -9 6 3 -3 5 2 1 8 8 -7 3 -6 -2 5 -3 -8 -1 9 7 3 -2 -4 -10 -10 8 6 -7 6 -10 2 10 -4 0 3 1 -7
-6 3 10 8 -2 -2 7 3 8 1 9 -2 2 -4 3 7 7 5 -5 1 7 7 5 -2 -1 8 1 2 -6 -7 -3 4 -5 -7 -4 6 2 0 7 9 -9 -5 2 10 -10 -8 -6 5 9 3 -8 -8 -2 -3 1 -8 9 -9 2 2 9 10 6 -1 9 -9 -5 10 5 4 -10 -4 6 -1 -4 -9 9 6 6 -3 9 -5 -9 1 -3 10 -10 -5 -8 -2 2 1 2 2 8 -4 6 -10 -8 -8 7 -1 7 8 1 1 -2 -3 9 -4 4 2 8 -10 -2 -5 3 6 -7 7 -8 6 -1 0 -7 6 -2 7 8 -2 4 2 8 5 -3 0 4 4 8 -10 5 -7 -2 -8 2 10 -3 -3 0 3 1 6 7 -10 -2 -3 -1 -8 2 0 -8 7 -5 5 0 1 -4 8 -2 -5 -4 5 -4 -3 -3 -2 -4 -3 -4 -3 9 1 -6
-7 -7 -8 5 9 -10 7 -9 5 1 9 0 5 8 -2 5 -5 6 -2 2 -3 8 -6 -9 6 3 5 7 -9 6 1 2 -5 4 -7 6 4 0 -10 -10 -4 2 8 -7 0 1 9 -2 -5 7 -2 -3 -2 5 9 0 1 -5 5 3 -4 3 1 1 2 -2 4 -5 8 -6 8 -3 -7 -2 -3 7 3 2 -4 -6 -6 5 -10 -5 3 5 -6 10 6 7 0 5 -1 -2 7 8 -9 2 -7 -5 -9 -4 -2 5 10 -7 4 0 -2 1 1 7 7 -2 1 -10 3 -7 1 9 -4 8 8 10 10 7 -5 -1 1 0 6 5 4 -8 2 9 -1 4 10 -6 -5 10 0 3 10 9 8 2 -8 -8 -5 0 -3 0 0 10 -1 -2 9 10 2 -2 4 1 8 6 4 3 -5 -5 -10 -6 -3 -2 -8 -4 -5 2 -7 -7 -8 5
7 -9 -10 2 6 -8 -7 -2 9 -6 -8 10 2 -1 -3 -3 -1 4 10 -6 -6 6 -5 -10 -9 1 0 5 4 7 -2 7 4 -6 7 -5 8 9 4 10 10 8 3 6 10 10 7 -1 1 5 7 -3 -8 4 -1 1 3 -2 -6 -1 -10 -10 6 -6 1 -1 5 7 -10 5 5 -1 -10 3 -1 9 -3 -10 7 1 -4 3 7 3 2 -3 -5 10 2 2 -3 -2 -8 3 10 -3 6 9 -2 -1 10 7 -2 3 -4 -8 -5 -6 -1 -7 10 4 9 4 -2 9 5 -4 0 -10 -6 -9 7 -10 -5 -7 -1 -2 -6 4 -10 -3 -8 -6 -10 5 -4 0 3 -1 5 1 4 -9 0 -8 -6 -9 -2 2 -8 7 5 -5 -4 -2 2 -10 -7 -3 2 4 -3 -9 -4 4 -7 6 -4 5 2 -1 0 -5 10 -9 7 6 -7 -2 5
10 -1 -4 1 -9 -4 -7 -3 10 3 0 -10 -5 -2 8 -7 2 -3 -10 -9 8 5 9 -6 1 -8 -3 -5 5 -8 9 0 10 -9 -9 1 10 -6 7 -7 -6 5 -3 0 7 10 1 4 -4 -10 2 1 -6 -2 -9 5 4 7 -1 7 5 -4 8 -5 7 1 0 4 -2 9 7 -5 -8 6 -6 4 -1 -2 7 1 4 -10 10 6 2 -5 -10 9 1 9 -3 0 -8 7 2 -4 6 5 7 -6 9 -1 0 3 10 0 -7 -7 6 -8 -9 -6 -5 -9 -4 -7 5 -4 -7 -9 8 10 2 5 6 9 8 -2 -9 1 -3 9 -8 -10 -4 10 5 -8 4 10 -9 1 7 3 1 -9 9 -2 6 -9 -8 -1 -8 -4 6 -7 -7 -3 7 2 -4 -4 6 -3 8 10 -5 7 7 3 -7 10 8 1 4 3 -7 -5 -5 7
2 6 0 -5 7 9 4 1 0 7 0 1 3 10 3 0 9 -3 8 7 -4 2 7 -2 1 4 4 2 -10 -9 -1 9 -10 6 -6 -1 -10 -1 -3 -4 0 -10 -2 7 6 7 8 8 -6 -7 -9 4 1 -6 -6 -2 1 8 -3 -3 -2 -1 -8 8 2 8 -4 -8 0 5 -5 5 8 -7 9 10 -1 -9 8 2 -8 -9 0 1 3 3 -7 -3 10 9 -10 10 10 2 -9 -1 6 -9 0 7 8 -6 0 6 -3 -6 -9 2 4 9 8 6 -8 -3 3 -1 2 -6 -6 0 -8 5 8 -9 7 2 -2 -8 2 6 3 -6 -6 5 7 -4 5 2 10 8 -4 7 9 6 -3 -3 -8 -2 3 0 8 -8 -7 3 3 1 1 -4 0 1 9 10 -10 -1 -5 1 9 4 9 -6 4 -9 -3 -4 1 -6 -8 -7 -9
-3 9 -6 -1 -10 0 -7 -1 4 5 -10 0 -4 7 -4 -4 7 6 -2 7 5 9 -6 -10 2 8 6 -9 -2 -5 -9 -1 -4 9 -2 -9 4 10 -10 -8 2 -2 1 -7 -10 -1 10 2 -3 2 6 -7 0 5 9 7 -8 -5 -4 6 4 7 -10 -9 -3 6 -1 0 5 2 -5 -10 1 1 1 10 -1 -3 6 -2 -9 10 -2 2 -10 7 -2 -3 -6 0 2 -6 -8 2 6 9 10 -3 3 -3 8 -6 3 -1 9 0 4 7 -6 -4 10 -6 8 7 -4 -6 -1 6 -6 3 -6 10 8 -5 0 -8 7 7 -7 -5 0 -6 -10 0 3 3 -1 4 10 -2 -6 -4 -7 -6 -5 -10 9 9 -2 9 8 9 -3 9 -3 -3 -10 1 -8 5 -6 6 9 5 10 1 -5 2 5 5 -6 -5 -4 -3 -9 3 -10 -2
3 -3 -4 -4 -8 -5 4 9 5 0 4 -3 3 2 -9 9 2 0 2 9 8 9 7 6 10 -9 6 -7 4 4 -9 -3 6 7 2 -9 7 2 6 10 -9 -4 -1 4 2 -1 -1 4 -5 3 -1 9 -9 6 -6 4 10 4 -8 6 -7 -5 8 7 -6 2 3 0 4 -10 -5 4 8 -4 4 -8 -2 0 10 -5 -7 -8 -7 4 10 1 -8 6 2 6 9 -5 2 7 2 -9 -5 0 8 -6 -5 -6 -5 -9 3 -1 -1 4 -1 10 -5 -7 -6 -4 -10 9 -2 -10 4 5 5 7 -10 9 5 -3 -4 8 5 4 3 4 -8 9 9 -10 -3 7 -2 9 10 7 -4 -9 -5 -6 -9 10 1 -9 -6 -9 8 9 -1 0 -8 -9 -7 3 -5 -5 -1 9 9 8 7 -5 4 8 1 -9 -8 -1 0 1 2
-8 3 7 -8 -1 5 -6 -7 -2 0 6 3 6 -4 -4 9 -9 -7 8 10 6 -8 5 9 -1 3 9 0 -2 6 8 9 1 -6 9 8 5 6 10 5 5 -5 9 -3 -1 -4 -10 -7 -10 4 10 -7 -4 9 3 3 -9 0 1 7 10 -4 -10 10 -4 -1 -2 -8 -1 -1 6 7 0 -10 -7 0 0 2 8 9 -10 -5 -4 0 0 5 5 -9 10 -6 5 -6 10 4 7 0 4 3 -9 6 -1 8 0 7 7 -10 -4 8 0 1 -8 -6 -2 -10 0 2 10 7 -5 8 9 2 -5 9 -7 -1 0 -9 -2 3 -8 5 -3 1 4 -1 -4 6 -1 -5 -7 1 -9 -4 -8 4 6 -10 5 6 -6 -4 0 5 6 -1 0 -6 -7 6 -6 -4 -9 4 2 6 -7 -10 -1 -9 9 -8 0 4 -9 -7
6 -1 -10 8 -1 10 -4 0 -4 -4 -1 -2 7 0 4 -7 -2 -6 -5 -2 -7 -10 9 7 6 -7 -4 7 1 7 0 -2 -6 -1 8 -3 -5 -8 -1 9 0 7 4 -9 -6 -10 5 -9 -7 2 -9 -8 3 2 -5 9 8 10 4 9 1 -1 0 -4 7 -8 4 8 -6 -8 4 -7 4 -1 10 4 5 -3 -3 -6 9 -2 1 2 -5 0 0 4 5 -10 -8 5 -7 1 5 4 -5 -1 1 9 8 -6 6 -7 2 -7 0 7 10 -8 -1 7 4 2 8 3 -3 9 -3 7 -5 5 2 -8 0 -4 8 3 3 8 0 7 -3 -5 -8 8 5 -7 8 9 4 0 7 -7 4 -5 -1 2 -8 9 -7 9 2 0 5 10 -9 -8 -4 -6 8 10 -10 -6 -6 4 7 -1 2 9 8 4 -4 -4 0
-1 8 -1 3 1 -8 8 -10 9 6 2 -6 -1 -9 1 7 -9 -10 7 1 -7 -1 -10 -3 3 8 2 10 0 2 2 2 3 7 -4 -5 5 -6 -4 7 2 1 3 -6 -1 -6 -6 -10 -8 10 -10 -6 5 3 -6 -8 -6 10 3 4 9 3 9 -5 4 6 3 7 4 2 1 -3 -5 3 9 -10 8 5 -3 6 -2 3 7 8 1 -9 -9 8 5 1 -7 8 5 -8 -6 6 -2 4 6 -8 6 9 -8 -3 5 10 -8 10 7 8 -1 9 -9 0 7 -10 5 4 6 5 8 0 3 1 -1 -1 -5 -9 9 -1 8 -2 -9 10 5 8 -5 8 -9 -1 9 -10 -1 5 -8 -6 6 -8 -2 -2 -6 9 -2 -2 -2 -10 -7 9 -5 8 -6 4 1 -5 -2 -3 5 -5 6 -9 0 -8 -6 9
-6 5 3 2 -3 4 10 -5 -4 8 1 -9 10 -2 -7 -9 -5 4 2 5 -1 5 7 -3 2 2 5 -2 -6 6 3 -10 -1 4 2 0 6 -9 -7 7 10 1 3 9 10 -2 0 -2 -2 -7 -2 10 8 2 4 -3 8 -4 6 0 -5 0 7 -10 -10 -8 -10 3 -7 6 -7 4 1 -3 -1 -2 -4 -9 -10 9 -8 -9 9 -4 9 10 -7 -7 -8 9 -6 2 10 8 -5 -7 -5 -2 -1 4 -8 10 4 -2 3 0 -2 -5 -8 -2 -9 2 2 0 -9 -2 -2 -5 4 -8 5 -4 9 2 -5 10 5 -7 -6 7 3 -4 9 10 -7 4 -2 -7 -9 -8 -8 8 -2 4 -10 5 -6 10 10 -10 -9 2 -2 -6 0 2 8 -10 6 5 5 3 2 -8 7 -3 -10 2 5 -7 8 7 1
0 -1 2 -9 10 10 -8 1 7 0 -8 4 -1 10 -4 -5 7 -9 2 -4 -1 2 -7 10 1 5 -8 10 4 -4 -6 -9 -4 -10 8 -3 5 2 -8 7 10 -1 5 7 4 -10 -9 0 -9 0 -9 2 -7 -4 10 6 4 7 -6 8 -3 -8 -9 -6 5 10 -10 5 9 -9 -3 10 -6 -10 -5 10 -9 -1 -7 4 9 -5 8 -8 -7 -7 5 9 9 -3 -8 -4 3 0 2 0 -7 8 7 -6 0 -4 -9 8 -5 0 -8 -7 -2 -6 3 -5 1 7 -5 4 -3 8 -9 -6 -7 10 9 2 -5 -10 5 -8 -10 -10 -5 -8 10 8 -1 3 5 -6 -4 -6 10 -2 6 4 3 -3 -5 9 -9 9 -5 5 9 -8 10 -1 1 3 -10 7 -3 -4 -7 6 -7 9 1 7 6 -3 4 10
-4 -2 -9 -4 -7 -6 5 5 -5 -5 -9 -9 10 1 -1 -4 3 -2 0 9 4 -9 -7 -9 7 -5 -5 -10 5 6 -7 -8 -3 4 8 8 0 3 -4 0 -3 -7 0 -3 -7 -3 3 -4 2 -3 -8 5 8 5 -9 3 -6 -4 9 4 -5 2 1 -6 4 -4 10 1 -2 -4 0 -6 -9 8 -9 -2 -6 -7 4 4 3 -5 0 -3 -1 9 -5 10 9 -5 8 7 -3 -8 3 6 5 -4 8 5 4 -2 -10 3 -3 -3 0 3 8 -3 8 -6 8 -10 3 -9 -9 5 6 -9 3 6 2 5 -7 4 5 -3 -8 7 -10 3 -4 -6 1 -1 -3 10 -8 -10 5 -1 -5 4 8 8 -10 4 4 -6 2 -5 1 10 4 10 -10 10 -8 2 0 6 -9 -1 3 -2 9 7 8 -4 -8
9 0 -9 6 1 -9 -7 2 1 4 9 -9 1 1 -5 10 7 -8 7 -4 -6 0 -3 7 -7 10 5 8 -4 -3 0 1 -2 6 3 -2 -9 -8 1 1 4 5 6 6 -7 5 7 7 -1 4 9 1 -8 -4 4 -8 -8 2 -5 -1 -8 -7 -5 -2 -7 -6 5 -6 -4 6 10 -10 -1 3 7 -6 5 1 3 4 10 -10 -1 -4 -8 -10 -3 6 10 0 3 8 0 10 10 0 5 8 6 7 4 4 -1 8 -6 -1 -5 -2 -3 5 1 -1 -9 -6 1 -1 4 -5 9 -5 7 -1 -5 -5 -6 -5 -3 -7 -9 0 8 -6 4 -2 1 -5 -4 7 -9 0 1 -6 1 4 7 -5 7 -1 -7 -10 2 5 -6 4 0 -6 -10 7 6 0 10 -1 5 -1 8 -6 8 4 0 -7
5 -9 -6 7 -7 -1 -10 2 9 -3 4 1 -8 0 -9 9 10 -4 8 6 -3 -2 -4 -10 -8 7 4 -8 6 2 -4 5 0 9 9 6 -9 1 2 -6 3 1 2 1 -10 -1 1 1 -1 4 7 -8 -4 4 3 4 -1 -5 3 3 -6 8 9 -8 -6 -4 -1 5 6 0 -8 8 2 -8 -10 3 10 -2 3 -5 7 4 8 -6 -4 -5 2 -1 7 5 -9 -1 8 -1 5 7 4 -3 -10 -10 -6 -2 -1 10 10 5 -7 10 -1 3 -5 5 10 -3 -10 -7 -2 5 -8 9 1 8 5 8 3 -2 10 5 -7 1 6 8 -10 -2 -5 8 -9 -6 0 4 -6 1 -5 -9 -2 1 3 10 1 -9 -1 -1 6 10 -8 6 -4 10 -5 -7 9 -5 7 0 0 -1 -2 1 -7
7 8 1 -6 -10 -6 6 -1 1 5 3 0 -5 -7 -4 -6 6 -3 -4 7 9 6 7 7 -7 3 4 -8 -7 -6 -10 5 1 -1 1 -6 4 9 6 0 -5 -1 -10 -7 -3 -6 -6 -3 -1 -6 -4 -6 -8 3 -7 -8 -10 5 3 -9 -4 -7 -9 6 8 -9 5 -7 -2 -9 -8 -1 -10 -7 -7 9 -4 8 -4 -5 1 -10 -8 -6 -2 8 1 1 -5 6 9 -3 6 8 -8 -7 8 -10 6 -4 -4 -1 -5 7 -10 -7 -4 6 5 1 8 -5 4 -7 -5 1 2 3 -4 6 -3 3 -7 0 -7 4 -7 6 -6 5 1 -1 7 -9 -8 0 5 -7 2 -1 4 9 -1 4 -3 7 3 -1 3 -4 -8 5 1 -5 -10 5 -7 2 4 6 -8 -7 -6 2 2 8 -7 -5
-8 1 -4 0 -4 9 2 -7 -3 3 5 -2 8 8 -2 10 2 1 5 9 2 5 6 -2 -6 4 -7 -7 -2 5 5 -3 10 -6 -10 -7 -9 -8 5 -10 -5 2 9 0 -6 -1 9 9 -7 -8 6 5 4 -4 -1 5 5 6 -2 7 0 7 7 -10 -9 3 -7 2 4 0 2 4 4 -9 -9 -5 7 -1 -5 5 3 -6 -1 2 5 -7 8 5 7 7 8 5 5 7 -5 6 -9 2 -2 5 8 2 9 1 -1 0 -9 -10 8 -9 -6 1 1 8 -10 10 0 2 -7 3 1 1 3 1 -9 -3 -3 -3 10 -1 8 -8 -8 -1 -7 0 -5 -10 7 0 -9 4 3 8 6 3 -2 -10 5 8 -10 0 2 8 2 0 8 -7 5 -7 -4 0 5 6 0 -5 9
-1 1 3 -4 5 10 -8 7 -4 -1 -2 -9 -1 8 2 -3 9 -8 8 -7 8 0 -2 -8 8 6 5 3 -4 1 -8 10 -1 6 -1 3 7 0 -4 3 2 -2 9 6 4 7 -5 -10 10 6 -5 8 5 -4 4 -2 10 7 9 3 8 10 -9 6 -4 1 4 -6 -3 -6 -1 3 3 0 -8 10 -4 3 -2 -1 10 -5 -2 9 -3 2 -3 -7 -6 -4 -10 -3 -1 4 5 7 3 3 10 -9 -4 -5 -2 -6 -10 -2 -2 7 -5 10 -9 5 -10 -9 -8 0 9 -1 -8 3 1 -8 2 -6 -3 -7 8 6 -7 6 8 6 -2 5 -8 -3 9 -7 0 0 8 2 -3 3 -4 -6 -7 -5 -4 -2 4 3 -2 8 -9 5 7 1 -7 0 7 3 5 -3 -2 -6
1 5 1 -1 -10 10 9 -9 -9 -3 -2 7 2 -1 10 1 -7 7 -3 4 2 -10 2 -2 -1 -8 -3 -1 -4 -5 4 10 0 10 3 -9 -2 -8 5 5 3 0 3 -7 -5 -2 6 -8 1 3 9 7 0 4 -10 -9 10 10 -5 10 4 10 -6 -10 2 -4 10 -1 0 8 -8 -7 -5 -3 6 10 -6 9 3 0 4 5 -6 -2 -5 8 0 -1 -4 -8 3 1 -5 2 2 8 -3 -10 -10 7 10 9 10 -3 -8 4 -4 -2 -5 -9 2 9 3 9 -2 -6 -8 1 -5 8 -7 -10 6 3 4 5 -7 -3 -4 -4 -2 -1 5 2 -6 3 -4 9 -4 -1 -4 3 -5 3 -6 -10 -1 -2 -3 9 4 -3 1 8 10 4 -8 -10 5 -6 0 2 -4 2 3
9 -2 -8 -7 7 -9 -9 0 -3 5 1 9 9 -9 -10 -2 6 9 2 -1 2 1 -6 7 -9 8 -5 -2 -5 6 5 0 4 -6 -8 0 6 3 -6 -2 -7 0 -9 -6 5 -2 1 3 -1 -2 9 -2 6 0 3 -5 0 5 -6 7 10 4 -9 -4 -6 -9 -3 -5 -9 5 -2 -5 4 3 -7 5 -9 4 1 7 5 4 5 -7 -6 -7 1 -8 -4 -1 -5 -5 6 -2 8 8 -4 8 -10 6 8 -5 3 -8 -3 5 -7 0 -10 -1 -7 2 1 8 -7 0 -6 -10 -8 4 5 4 10 -2 9 -10 0 -9 10 9 4 0 8 -6 -4 -9 10 -1 0 -9 -8 7 9 2 -8 2 -2 -5 -3 2 -8 -10 -4 -5 2 2 -1 10 10 -6 -7 -1 5 3
-1 9 -6 1 -7 1 6 -4 5 4 2 5 -2 8 9 3 -8 3 1 9 -5 3 10 3 -8 -9 6 0 4 -3 10 -6 5 6 10 10 6 -8 -1 4 3 -8 5 -1 -6 -6 -1 -3 6 3 -1 8 -9 7 -8 -9 6 -7 6 3 3 -7 4 8 -2 1 -2 8 -8 6 -10 -7 4 -5 -5 2 -9 -8 3 -1 0 8 4 4 9 -2 0 -5 -4 -5 -8 9 -2 -7 3 7 -10 -10 2 -7 -10 -5 10 5 4 2 9 5 -1 9 9 1 2 -1 -8 -6 -6 -10 -4 -7 -10 -4 -10 -4 5 10 -6 10 -3 3 10 7 -4 -8 -1 4 -6 5 3 -10 -7 -5 -6 4 5 5 -10 4 8 -3 -4 -1 8 2 -9 0 -10 -7 10 3 3 5 8
9 7 -1 -9 5 2 5 6 8 9 5 -3 -9 6 -10 3 8 0 7 -8 -2 10 3 5 -7 5 9 10 1 4 3 -10 -5 -1 -4 5 1 4 -3 6 -3 8 0 9 4 -6 -1 2 3 10 1 5 -5 9 -4 -1 -8 5 -6 -5 -4 -5 9 5 -7 3 5 -1 -3 -4 7 -9 -10 1 -2 1 -5 -5 6 -9 -8 0 3 -7 9 -3 -7 7 -3 5 -2 0 1 -9 7 -2 -6 6 9 -7 -9 4 4 -7 -7 9 9 -7 7 -9 6 -7 -5 10 -7 -4 1 -5 -1 4 6 5 -7 -6 10 1 0 -6 -7 -4 4 3 -10 -3 5 0 -1 6 -5 -8 -2 1 3 1 10 -3 -6 6 3 -3 -6 3 3 3 4 6 1 -10 4 -6 -10 6
-8 -8 0 0 2 -5 3 -9 2 -9 10 -6 8 -9 10 6 -1 3 2 7 -1 0 1 -10 -2 6 9 -6 2 4 10 -4 7 9 9 10 4 1 10 2 -4 -1 -8 -9 7 0 2 -6 6 7 -1 -4 -8 6 7 -1 6 0 10 -5 -10 -10 7 8 -2 -3 -1 3 6 -7 -9 1 -2 10 6 1 -7 -9 10 -7 4 -1 8 -10 4 0 -3 8 8 10 7 9 -3 1 -1 -1 8 -6 2 6 -3 -7 0 6 8 -4 1 4 -7 -6 3 3 -8 -8 -9 3 -6 5 -4 4 -8 1 6 2 8 7 6 2 -2 8 5 10 3 4 5 3 -5 -6 6 -6 5 4 -6 6 6 -7 -4 4 5 -9 -5 7 1 -7 9 3 -7 -7 1 8 -1
-9 6 -6 -7 1 -1 1 -1 -1 5 -10 -6 -6 8 3 -9 -1 -1 -4 -5 5 -10 -7 7 1 -8 -9 3 5 8 -1 8 4 0 2 5 9 -6 -6 6 10 4 4 4 -6 0 -8 9 9 3 2 -3 2 0 7 -9 4 -2 10 -8 -5 -10 8 10 -1 7 10 -7 10 7 -8 -4 9 7 8 -9 8 6 -4 5 6 -10 -7 7 -5 -10 -2 -4 -3 8 4 -8 7 9 0 2 8 -9 5 -10 0 3 -5 3 -10 6 0 2 -2 -8 -7 -7 7 -5 -1 -6 -5 -2 -8 -6 -1 3 -5 -9 9 0 -5 -10 -9 -1 2 -7 0 -6 3 0 -2 2 -7 -9 -4 -3 9 8 -3 5 6 6 2 -7 -2 -9 0 4 7 3 -8 5 -10 3
10 -3 -10 -2 7 8 -7 -3 7 10 -6 -1 8 3 4 -8 10 6 -4 -6 1 7 -5 -3 7 3 7 4 -9 -10 4 9 -1 10 -5 -10 -9 5 -2 9 -2 2 1 10 -4 8 6 -1 -9 -5 7 8 -8 -1 -8 2 -7 -6 7 -2 3 -4 9 6 0 0 10 -2 4 -2 -3 0 0 -4 4 9 0 -10 -6 10 -10 9 5 -10 -10 -5 3 7 5 2 7 -8 10 10 -8 7 -10 4 -7 1 2 9 1 2 -5 -10 -7 4 1 -4 4 -10 -3 -10 -2 1 -4 -8 9 10 -1 -3 -3 5 1 -9 -2 5 9 -4 -10 -4 10 2 -7 -2 8 6 5 -5 7 -4 8 9 8 -5 -8 8 -6 -8 -6 -2 8 -3 6 -2 -4 -10 7
9 -2 7 4 -10 3 10 10 -9 0 3 3 -2 -7 6 4 5 1 6 -9 -3 -9 -2 3 7 4 0 -10 2 -4 0 -8 8 -10 -3 3 -8 -3 -4 -5 0 -1 -8 10 10 -7 -10 5 3 -10 8 10 0 -2 -3 -7 5 -3 0 -9 0 6 -3 -8 9 9 4 -7 10 4 8 -7 -8 -9 -9 2 0 -8 -6 -9 4 -9 -1 9 10 3 -8 -7 -9 7 -9 -1 2 2 -7 9 3 -3 9 9 -10 4 2 4 3 9 9 -7 0 10 -10 4 6 0 8 -4 -7 -7 -10 9 -8 8 -4 8 -6 10 6 -2 1 3 5 9 4 -5 -3 -6 -9 -9 -6 -1 8 3 6 10 1 -1 8 7 -6 -6 5 -1 9 0 -1 1 -10 6
8 -6 -9 -3 6 7 -9 3 1 -4 -4 10 -4 -8 0 -4 5 4 9 0 8 8 0 9 -1 3 0 -5 -7 4 -9 5 -3 -10 10 -3 -3 4 9 -4 -3 5 0 2 -4 2 -5 -10 1 -10 -8 1 -10 7 -7 -6 -1 4 -4 10 8 1 -9 -10 -4 -4 -1 -5 -3 -2 -5 0 7 -3 -5 -4 -10 -5 -2 -7 -10 -6 2 10 -7 0 -4 -1 4 -3 1 1 -5 6 9 3 -8 -7 -6 -6 -4 -4 7 2 1 0 9 3 10 -3 -9 9 8 -4 7 -1 -6 0 -3 -9 10 -2 -6 6 8 5 -4 -8 5 9 -8 -5 6 2 10 6 1 5 6 4 -5 0 1 6 5 5 5 -2 8 2 10 8 10 -9 -4 -3 -4
4 -3 2 -4 -1 3 2 8 -5 1 -2 7 -8 -6 -8 -1 4 6 1 -3 8 -9 4 6 9 0 3 4 4 3 3 1 5 0 -2 2 -10 -5 4 -3 -2 10 -8 1 -8 -1 6 6 7 10 -8 -2 -3 -7 -7 -8 1 -9 7 -4 0 -4 0 -2 -1 -2 -4 9 -6 7 -2 -10 -1 -1 1 2 2 8 10 -10 5 10 6 -6 2 -3 -3 -4 5 -3 6 8 7 4 4 0 -8 0 -4 3 3 -4 4 4 7 -10 1 -6 8 -6 -1 -10 5 1 0 -3 3 3 2 7 -1 0 8 -10 8 -9 -6 -6 0 8 10 9 9 8 2 2 -4 2 -8 7 2 -4 5 -7 0 8 4 10 -1 -8 -5 -7 7 -5 -9 9
5 -10 -5 -4 -8 2 -1 -4 -3 -1 6 -8 4 -9 1 6 -10 -5 0 3 2 -5 -7 -6 7 3 5 -8 2 -4 -6 -4 -1 3 5 -5 9 8 -1 8 -4 6 4 -2 -4 -10 -6 4 -8 2 9 -3 6 0 8 5 4 4 8 -9 -8 -1 10 4 1 -1 2 9 -5 3 -3 -5 9 3 4 2 -5 8 -7 2 -9 -3 -5 -2 10 7 -1 -8 -4 5 3 7 -7 1 -8 -7 6 0 3 4 -5 -2 -4 6 -9 4 -10 -8 10 4 2 0 2 -4 2 -9 -10 -2 -7 -6 0 4 5 4 -8 -8 7 -3 4 -6 5 -2 -5 -5 -10 9 -7 -5 -1 -7 7 2 -5 -8 -10 -2 -6 4 1 -5 -4 -9 7 -4 4
-9 10 6 10 -7 2 -1 4 -9 9 -10 -9 2 -4 -3 1 -3 -4 -8 -10 3 -10 -10 0 -4 -8 -3 -7 -5 -5 -9 3 6 -7 0 0 7 10 -4 9 -4 7 2 3 -7 -3 -4 -7 1 0 -5 -10 2 10 0 -10 2 -4 4 -3 -8 -2 10 9 1 -9 -8 -4 3 -1 9 5 -7 7 8 -5 -2 -7 9 0 10 2 -6 0 -5 10 0 5 -8 0 -10 9 8 4 2 6 10 -3 6 8 -10 -3 -10 9 -7 -1 -3 3 -3 9 -8 -9 -6 1 5 -1 -4 -6 2 -4 10 -9 -3 9 4 0 -6 -2 0 10 -9 6 3 10 -1 -10 -3 0 0 -3 -4 7 -9 -3 -3 9 2 6 0 -5 4 10 -10 -8
5 -8 -4 -9 10 -6 -4 -6 -8 -5 8 7 -4 -3 6 -8 3 4 -1 -5 -4 -3 3 -5 9 -3 -1 -1 8 4 10 -4 -2 5 -8 1 2 2 -5 5 4 3 6 9 3 -6 5 -10 2 3 -8 -1 9 7 -6 7 -5 -2 2 4 -1 4 -1 2 7 9 5 -8 0 -6 5 -4 -6 -4 -10 -10 6 1 5 2 3 2 1 2 5 -1 10 8 -8 3 -9 -7 2 8 -5 -4 3 -2 1 6 5 10 1 -9 10 2 3 -3 -3 5 -9 1 10 -10 10 -6 -2 9 4 -6 -2 -3 9 8 -5 -10 -7 -8 10 2 2 8 -8 6 -4 3 -5 3 -2 -1 6 7 2 8 -1 3 -8 -7 10 8 1 -6 -2
-4 2 -1 -10 -5 5 -10 -7 -8 3 6 3 10 -1 3 -5 -5 1 -5 -6 -4 5 -5 6 -7 4 8 -4 -5 -4 -9 -5 -4 -2 3 4 10 9 -7 10 -5 -8 -1 -8 2 -7 -2 -8 0 -10 8 -3 5 5 -7 -10 -9 -2 -10 8 -9 -7 -4 6 -10 2 9 6 -2 5 5 0 9 3 0 1 0 0 -3 1 2 2 9 -9 1 0 -7 -10 4 2 -6 -10 9 -7 6 -2 -3 1 4 9 5 6 3 -4 -10 10 0 -10 10 1 -9 0 4 -3 9 5 2 9 -8 1 3 5 -7 2 -1 9 -4 -6 6 8 6 -9 -6 5 -8 -1 7 4 -5 4 -7 5 7 -3 -3 -4 -5 -8 -7 3 -10 -5
0 2 -2 -3 -2 5 -7 -6 7 10 5 -8 0 -3 8 9 -8 10 0 2 2 10 10 7 3 -3 -3 -2 -7 -1 -8 -7 -8 0 8 -4 -7 8 1 -6 0 2 8 -10 -1 -9 8 7 -4 2 3 0 1 -6 6 9 8 -3 -7 2 -10 7 4 0 -6 -1 -3 5 4 -6 9 -1 -6 -9 9 0 -1 6 -7 -2 8 5 10 -4 5 -1 2 -9 0 -6 -4 -3 -9 -5 5 2 -1 -5 -10 7 2 0 3 5 1 2 2 -8 6 -1 -1 -4 7 2 -7 -6 0 8 -9 -1 4 10 -5 8 -6 4 5 -1 -6 -4 -4 -4 10 -10 1 8 -7 -6 2 3 -5 -9 -7 1 5 -5 -9 -7 6 10 0
8 3 -6 10 2 -3 -9 -7 -3 2 5 -1 9 -5 10 2 -8 4 10 2 -2 10 10 4 1 -10 -7 -7 -8 -7 5 10 6 -3 -10 8 8 8 5 -2 -7 8 -5 2 5 10 3 -1 8 -6 -7 0 -8 7 -5 2 -10 2 7 7 6 5 -8 6 8 7 10 -7 -4 -7 -5 9 -5 -10 7 4 0 -7 -9 -6 8 -4 10 -5 -8 7 -2 -9 -8 -7 6 -1 1 7 -5 3 -10 -3 -1 -9 6 -1 7 4 -6 8 5 0 6 1 9 7 6 -4 -7 -9 -3 -9 -4 -6 -1 -4 -6 9 7 -4 8 1 -2 -6 9 3 -8 7 -2 -2 2 10 -5 2 4 -8 -2 3 -6 7 -4 -8 10 -2
10 10 -4 1 8 10 6 9 -5 3 -6 0 3 2 -10 9 -3 -8 -2 -7 7 -7 7 3 -8 0 10 -8 1 0 -2 -6 -3 -2 -10 -7 2 -3 2 -7 -7 -5 6 -1 8 5 -7 6 1 8 -1 7 -2 9 -7 -9 -5 0 2 -5 1 7 7 9 2 5 8 -6 -2 -10 6 -6 -6 -6 2 8 -2 -9 10 1 -3 9 3 4 -5 4 1 4 6 -1 -2 3 6 -3 -1 10 -8 -1 3 0 -8 10 -8 -8 -3 -8 -5 8 -9 -8 -1 7 5 -10 3 6 -6 5 5 6 7 -7 2 -10 9 -4 -10 3 7 1 -3 6 9 -9 9 4 -5 6 -3 -5 -8 1 -6 6 1 -9 3 5 2
-5 1 -7 0 -3 7 -7 -1 -1 5 -1 -2 -4 -10 10 8 2 -4 -1 10 6 -9 4 9 5 -9 1 -10 9 4 0 -1 1 -7 -10 1 -5 2 1 -10 -7 3 5 -4 -8 6 6 -6 3 -7 5 -10 -6 -2 -3 5 2 1 -1 1 3 -5 7 -2 -7 4 4 -5 -6 1 3 -10 1 -4 -7 -4 -1 -9 -6 2 3 0 -9 -5 -4 5 -2 -7 3 5 7 5 -6 0 2 6 2 -6 -7 -7 -10 -6 -6 1 6 -10 -3 -9 0 3 9 -10 3 5 -1 -1 5 -8 3 -3 9 -6 6 -5 -3 -2 -7 -2 -3 3 -4 5 -7 6 9 -5 -4 8 10 10 -6 -3 -7 -6 2 -9 -2 -4
-6 3 -10 9 -4 -8 -9 2 3 6 -1 10 -3 -3 0 3 5 -9 6 3 10 -9 -1 -7 -2 1 -2 1 3 -3 0 -9 -5 -9 -10 -9 0 -4 -1 5 -2 9 -7 3 -5 -2 5 1 0 -1 -7 -7 -10 7 -6 0 1 1 8 6 9 1 -3 10 -2 -4 8 2 -8 -7 -6 10 9 -7 -9 8 10 -4 -4 4 -7 -8 7 9 0 -1 5 -4 7 -6 -9 -6 -4 3 7 -2 7 1 1 4 10 -7 3 -8 5 3 6 6 -10 -5 9 -2 -6 -1 -9 8 -9 -4 2 5 7 6 -8 -5 4 6 2 7 2 2 9 -2 -4 -5 -10 -5 8 -4 8 -10 6 4 6 6 -2 -1 -3
-1 -2 7 -7 -5 -3 -9 7 -3 -1 -9 10 -6 -2 -6 -2 -9 10 -3 -4 7 -7 -10 10 1 10 9 1 0 -8 7 -2 -6 3 9 -1 0 -9 10 -10 1 -3 -2 -5 -2 -10 7 8 -7 2 10 -2 10 10 9 7 -4 4 -3 0 -2 -4 8 10 2 -6 4 -3 3 1 -6 5 -8 5 -5 4 -5 -5 -4 8 5 -5 10 -1 -10 -1 -5 -5 2 9 -4 -8 -6 -8 3 -3 4 10 2 -7 6 -6 -10 9 -7 2 2 -10 -7 -10 10 -9 -6 -3 -8 -2 -6 10 9 -10 -10 -7 7 0 -8 -4 -6 5 8 4 -5 -1 0 5 -6 -3 -9 7 -2 10 7 -7 -10 -9 -7 7
-1 -7 6 3 -6 -10 -3 -10 -3 3 2 -6 1 10 -1 -3 2 -7 5 -5 -7 -3 -7 -1 1 -8 9 0 -7 1 -8 -9 9 -6 -5 3 6 0 9 -5 3 -6 -1 9 -1 1 -7 -2 5 1 -2 -8 -10 -6 10 -6 0 -6 2 4 5 -8 -7 8 3 -2 -6 -8 0 -6 -5 2 1 0 5 3 5 3 9 10 0 -6 10 -3 2 3 7 5 7 7 5 7 7 -3 2 -8 8 3 6 8 -3 -8 -3 1 -10 -4 -10 1 7 5 -6 -7 -9 1 1 -6 -1 4 -6 7 3 -3 -4 -3 -9 -6 -7 -6 2 -10 3 1 -9 -7 8 -8 5 9 -5 -10 -6 1 -6 -8 -3
-8 -10 8 3 -6 -5 5 -6 6 -1 5 3 0 4 10 -10 -1 -7 -6 -9 10 -9 9 -5 6 -5 -10 2 3 4 7 -2 8 6 -1 -3 3 -5 -2 -8 6 2 -6 -4 2 9 -9 -3 2 -5 7 9 -8 4 5 0 10 10 2 2 -5 -9 1 10 3 -4 -2 -7 -7 -8 1 9 0 -10 -3 -1 -5 7 -7 -8 -4 9 -10 -1 -4 7 -4 10 -9 -3 -2 -8 8 8 -9 8 5 -9 -9 0 -8 -1 -10 1 -1 2 6 -4 0 2 1 -6 -7 0 3 6 -7 6 -6 -10 8 2 5 8 -9 -1 -5 -6 4 -8 10 -8 -3 -4 10 -6 -5 6 6 9 10 6 0 4
-6 0 -1 1 9 3 -9 2 -3 -4 9 9 -8 -6 8 10 5 -7 -10 -6 -1 7 -8 5 -7 4 0 -5 -1 -5 -8 -2 8 1 1 -8 -8 -5 4 -2 5 -2 4 10 -6 -7 8 5 -9 1 -1 2 3 9 -6 4 1 6 9 0 1 -8 3 6 4 -2 -9 9 10 -9 -3 7 -10 -6 -7 -1 2 -5 8 2 -8 -3 2 4 -8 1 4 4 10 7 4 -7 -8 -5 -7 2 3 -4 2 0 -8 0 0 9 5 -4 5 -7 -2 4 -9 7 -6 5 -6 10 -4 0 8 -9 9 2 -9 1 3 5 -4 -9 -4 -10 3 -2 -2 10 -5 -8 -6 -8 -2 2 -8 -1 4
3 6 -4 -2 -5 -9 -8 3 0 -1 -5 -4 1 3 5 5 7 -5 3 1 8 2 -10 7 9 -4 -8 8 9 -6 0 0 -10 -6 4 -6 5 0 -7 3 -2 6 -10 4 -6 10 4 10 8 -7 -9 -4 -4 3 7 -5 9 2 -4 1 -4 -4 8 -10 1 1 -10 -1 -1 6 -7 5 10 4 3 3 1 1 7 3 6 0 -7 -5 4 3 1 -5 7 9 -5 7 3 2 -1 3 10 -1 9 -7 -8 -7 -8 10 -10 9 3 -7 5 9 7 -7 10 4 6 8 -9 -1 3 -4 -3 4 7 2 -7 -4 5 -7 1 4 3 10 2 -10 1 -3 6 -1 -2 -2 -1 3
-3 -10 3 -9 -10 -10 -6 1 6 9 0 0 -5 8 3 -3 7 2 -4 9 10 2 -9 8 3 -6 10 2 -5 2 0 6 -5 3 -3 -7 -6 6 -7 10 8 2 10 -2 7 -5 0 -4 -8 -8 -10 3 -10 10 8 -6 -10 9 7 -8 8 2 -10 -6 4 10 10 1 -5 -3 10 -3 -1 -4 7 -3 2 -2 -9 -2 -8 -6 10 -10 10 8 -7 -7 4 9 -7 -7 -6 -1 -2 -5 -8 -8 5 1 -4 2 -7 5 -10 3 -8 5 10 -8 -4 3 2 0 10 4 -5 -5 -1 -10 -5 8 10 9 -9 -7 0 1 5 9 9 7 -10 -5 6 -2 -7 -4 9 -10 7
-10 6 6 -6 -4 1 -7 -4 -10 0 -6 -3 -8 -6 -2 -2 5 -4 -8 1 7 10 -1 4 5 3 6 2 -4 -2 -5 -4 -2 2 -7 8 8 -1 -5 -4 5 3 4 3 9 -2 0 9 -7 9 2 3 -4 8 1 1 10 -8 4 -5 -9 6 -2 8 3 -1 9 10 6 1 2 -10 -7 -5 0 3 -5 1 -3 -8 -4 1 1 -6 0 -7 -10 0 -10 0 -4 4 8 0 -3 7 -8 2 -1 9 -4 6 -4 -7 7 -2 9 -8 8 10 3 3 0 0 -4 -4 -9 5 5 -9 -2 3 -7 -7 4 -5 9 0 8 2 -3 8 -10 -1 -10 10 8 -10 4 -1
-6 2 -9 7 6 -9 0 10 -10 -8 5 -7 3 -1 -2 0 1 2 -8 7 0 5 9 -9 2 -1 4 5 10 -7 1 9 -7 -10 -3 -9 -10 -6 -7 0 3 -3 -5 -8 -4 1 7 -10 -9 -2 -9 -7 -9 -1 -8 -2 0 9 2 -2 -5 -6 8 4 -7 -6 0 -6 8 3 10 4 -7 6 6 -3 8 5 5 -2 0 5 -3 -8 -2 -1 -8 1 7 -3 10 -4 -8 -8 5 -9 -4 -10 -4 4 2 -4 5 -7 0 -4 8 6 6 0 -1 4 10 -6 6 -7 -6 -3 1 2 4 9 6 -4 2 -4 -8 -2 3 -5 -1 8 10 -7 -6 4 -7 -7 -3
-10 4 -5 -2 -10 5 6 4 1 -2 -7 7 -8 1 3 -4 -6 2 6 3 6 0 -9 4 -2 1 -7 -9 10 2 3 -4 -1 -4 2 -5 9 -2 6 9 5 6 3 -7 -9 10 -3 -7 -3 -7 -9 -9 8 -2 -3 -8 7 -7 -2 -3 9 2 2 2 -7 -3 -2 5 -4 -5 -4 1 10 -1 9 -1 -10 -7 -5 6 9 5 -1 -3 -5 0 -8 -5 -5 0 4 -6 -10 5 3 0 -10 -5 -2 -8 -5 -10 9 1 5 8 -10 5 -3 5 -7 -9 -10 8 -1 -3 6 6 -5 -6 -7 -7 -1 0 4 5 1 7 -2 5 -2 1 4 -10 1 -1 0 6
9 5 -7 -2 6 10 -10 -6 3 -3 -6 1 5 -10 -3 8 3 1 -4 -8 -4 2 10 -7 -2 10 7 4 6 -5 -2 1 0 2 8 3 -2 -1 -4 -9 8 6 0 9 -7 3 4 8 1 -1 -7 -10 5 -6 4 -6 6 -1 9 7 -5 -1 5 -1 -8 -1 -10 4 -9 -4 -1 8 -7 -9 5 -1 -10 3 1 -10 -9 -2 -6 1 -1 6 7 -6 -8 -2 -6 -4 3 8 -8 -1 -3 -9 5 1 -3 10 2 3 2 -7 -2 -1 9 -1 -5 8 3 0 8 -6 -4 -2 -6 3 7 -4 -1 -1 -8 -1 8 10 4 7 -5 2 3 -7 -6 6 4
0 6 1 4 1 3 4 3 3 4 -10 7 -10 3 -8 -6 9 -1 -3 8 6 1 -6 9 7 8 -1 -9 2 -6 2 -10 4 6 4 -9 -8 -9 -2 10 -7 0 9 -7 -1 8 5 0 -9 -7 8 6 -9 -4 6 -6 7 5 -6 -3 10 -6 -1 10 -1 -10 5 9 -4 -7 -8 -10 -6 9 -7 6 -7 -3 -4 -7 5 -10 6 4 2 -9 -7 -1 2 5 -5 -3 7 -2 9 4 9 -7 3 -6 10 -10 -5 -6 -3 -5 6 7 -4 5 5 -1 -1 -7 8 5 1 -2 2 2 -7 4 3 3 -6 -10 -1 4 -7 8 2 -10 8 -1 -9 10
10 9 4 -9 1 -6 4 4 -2 -10 -5 1 6 6 -4 1 6 2 6 -8 -5 10 -6 1 10 8 0 4 -6 -2 -1 2 -8 10 5 2 5 9 -5 8 6 6 -2 -6 0 8 8 1 8 9 2 -8 -9 -10 -5 -3 -7 -7 5 5 0 -3 -3 -7 -5 2 3 -8 -9 9 -2 -7 -9 -8 4 1 9 10 -10 -5 0 -7 4 2 -6 10 8 7 -4 -4 -2 5 4 -1 -3 -4 -5 3 6 -4 -8 8 -10 10 -7 -4 -9 -6 -10 1 3 8 7 -8 0 -5 10 6 5 -4 -4 8 5 6 1 1 9 7 -6 -8 4 3 10 2 -8
8 -8 -6 6 -1 -7 -7 5 -3 -9 9 7 0 -10 -3 -1 -2 2 1 -8 -5 -1 -8 7 8 -3 6 9 6 -1 2 9 -9 7 -7 8 5 -2 10 -10 -9 0 3 -2 -4 0 -9 -6 -4 7 0 -9 -3 5 -8 8 9 -9 1 -8 3 9 9 -8 7 5 -6 -2 -9 -7 -9 5 6 -3 10 1 3 5 -1 -3 -10 -9 -10 -4 7 9 2 -10 7 5 -9 2 2 -6 3 3 7 -6 -7 4 -7 9 1 1 -4 0 3 -9 -3 -3 -8 8 -10 -3 3 7 8 -9 -10 -3 -9 -8 -9 -6 4 -5 -1 -9 0 1 9 10 -3 -1
-6 9 2 5 -7 -8 -8 -2 7 -4 5 1 -3 4 -1 1 7 -1 10 -3 6 -2 0 7 6 -7 -9 1 3 9 5 -2 -8 -4 -6 6 -3 -1 7 -4 -7 1 -6 -9 -3 4 10 4 -7 -10 5 -9 -2 -2 8 2 -1 -8 -9 -2 9 2 5 -10 2 2 4 -9 -3 -4 2 -5 3 7 -9 -1 -9 7 1 -10 9 0 -2 8 -4 -10 0 9 3 3 -9 -7 7 2 -1 7 4 3 8 8 6 -2 -5 2 4 -3 -6 -10 -2 -2 -8 -3 7 -1 0 8 2 -9 9 -2 1 -2 -2 10 9 -10 -7 -1 8 0 -2 -5 4
4 -10 4 -10 4 -9 1 5 10 7 -4 3 -9 8 -8 -2 9 7 0 -8 4 -5 -2 -2 -2 5 -6 -3 10 -5 -6 9 10 -9 -3 -7 10 -9 -5 6 4 8 0 -9 7 -3 -9 -2 -2 -10 1 7 -9 9 -3 1 -7 -8 6 4 -7 6 -8 -3 -4 0 8 1 3 -8 10 3 -1 -6 -10 0 9 1 0 3 10 1 5 -1 9 -10 -5 1 -9 -1 -6 8 -10 -7 9 -4 0 6 6 8 1 -4 2 8 -9 -6 2 10 -8 -8 -3 8 6 8 10 7 3 7 -7 6 -9 9 5 6 6 4 0 -2 -4 8 -1 -3
0 -3 1 -3 4 0 -7 -3 4 3 1 -8 1 7 6 -8 1 10 5 9 -3 4 3 -3 8 -6 7 -3 3 8 -6 9 -2 -1 0 0 -7 -8 3 3 6 -6 8 5 10 -4 -5 4 -10 -5 -7 3 -2 7 5 -7 -6 -9 3 -10 -5 -8 -6 6 6 2 3 1 -6 2 7 -3 -1 -7 0 0 8 9 9 -7 -9 -8 1 4 3 10 4 3 -1 5 -6 -5 8 6 -8 -6 -10 8 8 1 10 4 2 0 4 -5 6 8 -2 -7 -3 -1 5 0 -9 8 6 6 8 6 3 -1 0 2 0 -5 -6 -9 -4 3 6
-2 8 9 0 -7 1 -1 -5 -7 -1 -2 5 4 -3 -5 -1 -2 9 -7 -3 -2 -6 -7 -4 7 6 -5 -10 9 -9 7 7 -4 -10 5 -10 1 -4 -1 8 3 4 6 -6 4 -1 -7 -7 4 3 5 -2 -8 -6 -2 -7 1 -8 -3 -8 0 -5 6 0 -2 4 10 6 -8 0 -9 3 -7 6 0 -4 7 10 -9 10 10 -10 -3 -6 8 2 -3 -4 -2 5 -6 5 -5 5 -1 -6 -4 10 -8 6 -4 -10 3 -8 5 7 9 -4 -5 -9 3 -2 9 2 10 8 -3 10 1 5 6 -5 -1 -3 -1 5 5 10 2 9
1 7 5 -1 -7 -3 -7 -1 3 4 0 -3 3 -7 -5 4 0 -7 1 2 -6 5 5 9 3 -3 -10 -1 -2 6 -4 3 -9 7 0 -2 0 3 2 4 3 2 -2 -9 -2 5 -3 0 10 -9 -1 4 3 -3 8 -5 7 -4 10 -7 9 9 0 -6 9 7 -10 -10 2 -8 0 1 7 -8 10 -9 6 -4 1 7 -4 -5 7 2 -3 -1 -5 1 0 3 -4 7 -3 -10 -9 -10 6 -7 6 2 5 -9 -5 -1 -1 -10 -3 10 -3 -9 -2 -7 2 10 2 -6 -2 -8 -8 -8 6 3 -10 -10 7 9 -6 -7 8
2 -4 9 -1 0 3 6 -10 -1 -2 4 -4 -7 -2 10 8 5 2 -1 3 -8 -3 3 7 -2 5 -1 7 6 -3 2 -10 5 2 1 7 -7 4 -3 8 -10 2 -3 4 1 5 8 -7 10 -1 0 -6 10 -8 -7 7 -5 -4 5 8 -3 -8 -6 2 9 5 6 8 -3 -9 5 -2 3 -1 0 -6 -9 0 8 9 3 -10 -2 -4 7 5 7 5 0 10 -3 0 4 5 6 7 -8 -7 3 -8 2 -6 -10 -5 6 -7 -5 -4 4 -7 -9 3 5 -5 10 6 5 -6 7 3 2 -10 -1 -7 3 -1 -2 6
0 9 1 8 10 -5 -6 -1 6 -4 9 1 6 9 -2 5 4 -4 0 -6 -5 6 5 -10 0 3 -5 -6 5 -8 -10 -1 -4 -4 -7 7 4 0 -7 -9 9 4 9 -5 -8 1 10 7 -3 1 10 -10 -4 -2 -1 3 8 -1 1 9 2 -2 7 7 10 -4 -8 8 -6 -7 -4 -2 -5 -2 8 -7 -6 6 8 10 2 0 8 8 9 -2 9 5 -4 -5 -10 -3 -4 -8 9 -6 -6 -5 5 -10 0 -8 -9 -6 6 4 3 5 0 -1 6 -7 -3 7 2 2 2 5 1 -1 6 0 6 -8 9 -4 -5
10 -2 -6 3 7 4 5 -2 -7 7 3 10 1 -5 -10 1 4 1 3 -4 9 7 -4 2 1 -5 -10 -4 4 1 6 -4 -10 8 -1 0 -7 1 -2 6 -10 9 -2 -9 10 -2 10 5 2 -9 -2 -2 10 -9 8 -10 5 9 10 4 5 -5 5 10 7 -7 -9 1 -10 9 -6 -5 -6 -8 3 -7 -9 4 10 -9 0 -7 7 -2 -4 10 9 -10 0 0 -5 8 1 6 -10 2 3 -9 -8 -4 6 -6 -2 -8 -5 4 -9 -2 9 -4 6 3 -5 10 -10 -1 -2 7 1 -7 0 4 8 -8 8 4
-8 -7 -8 -5 -8 -5 0 8 10 -10 -5 -10 -4 10 1 4 -8 -3 -1 10 -4 -6 -1 -9 2 -1 -5 -2 -6 8 0 3 -3 -4 -2 -4 -5 -1 -2 4 -2 -8 5 1 8 1 1 10 6 4 10 -5 -9 8 2 -6 7 8 -4 3 1 10 -1 -4 0 6 7 -2 -8 6 -4 -2 -4 4 -2 -9 -7 6 10 -5 5 -6 4 8 0 1 8 2 8 -9 0 -7 10 1 -10 -5 3 5 0 0 10 -7 -5 1 -1 -5 4 7 -5 -10 4 9 4 8 8 3 2 5 -3 -2 1 9 0 5 2
-1 -9 -3 6 -7 3 3 -2 8 2 8 -10 -5 6 -5 -1 9 6 -4 8 -6 -6 0 -9 -8 -1 -6 1 4 2 -5 4 -10 -6 -4 -5 -1 -1 -8 -5 -3 -4 3 -8 -3 -6 7 1 -10 5 -5 1 -7 5 7 2 -4 5 2 4 -3 -7 2 -6 0 -6 2 0 -1 3 9 2 7 -8 1 5 8 -10 -3 9 -5 -3 1 1 0 6 -10 9 9 2 -8 10 -3 -6 5 -4 -9 -4 -1 3 -8 0 2 10 -5 3 -6 -1 -1 2 5 -9 -2 3 -5 -5 2 6 -7 4 -8 1 -7 10
2 -10 -5 0 -6 8 6 2 4 -10 5 10 2 3 -9 -1 3 -2 10 -7 9 4 6 1 5 0 7 1 -7 -5 3 7 2 -8 -6 -10 0 8 -2 -4 6 9 4 3 -9 4 -1 -9 -7 5 4 1 -9 9 1 -2 3 0 -1 -10 7 -2 -5 -1 1 3 -10 4 0 -1 10 -9 9 -7 1 -9 7 2 -3 -5 -8 7 -7 -6 -6 10 5 3 -2 1 4 9 -3 6 8 4 -9 -8 0 1 -9 -6 9 10 -7 2 6 -8 0 10 -1 3 2 -10 -5 -2 10 -8 3 -7 -4 8 -2
-1 9 6 7 -3 -9 1 8 5 -4 3 -2 -5 -2 6 -9 9 2 -5 -1 -2 -10 3 -4 -10 3 -6 -2 -2 4 9 10 0 -7 -3 -3 -10 0 -3 -8 9 -1 9 4 8 3 10 9 0 7 2 5 7 -10 0 0 0 1 4 -6 4 5 -4 7 -5 2 -2 2 -9 8 -8 10 5 7 1 -8 -4 6 1 -1 -1 0 4 4 -10 -6 9 8 -5 9 1 8 3 3 -10 -1 7 5 -3 2 7 -6 2 9 -7 -7 2 -4 -4 -7 8 -1 -5 -5 2 7 3 1 -4 3 9 -2
0 1 10 -7 10 10 0 6 7 7 2 -3 2 5 4 -1 4 -5 -5 2 -1 -10 7 0 4 10 -5 -7 2 8 10 3 3 3 -4 10 -10 9 -3 -6 9 9 6 -8 9 8 3 -10 0 9 -3 -5 8 10 5 -8 1 -10 9 10 2 7 6 -4 -5 4 1 -3 -5 5 -4 0 -6 -1 -8 -10 -4 8 4 4 -3 9 4 -3 -5 4 6 10 -7 9 0 -5 -3 4 -8 -10 -9 3 6 5 2 -8 3 -2 7 -7 9 10 7 -10 4 5 -9 -1 2 -9 1 2 6 10 10
4 3 -7 -7 -6 -2 8 -7 -5 1 3 0 -6 -3 5 -4 -2 -7 0 10 -8 4 5 -3 -2 0 -1 4 0 4 -2 8 -2 9 -9 -6 -6 6 -1 -10 -3 1 8 1 -1 -1 -5 8 10 -1 5 4 -1 -6 -6 -6 9 -1 2 -2 10 -3 -10 -4 8 -1 -6 8 -10 -2 1 6 6 2 5 9 -5 1 10 -6 8 6 0 6 1 2 5 10 -5 6 5 -5 5 2 -10 -8 0 -3 -1 -4 -3 -6 -2 9 -7 10 -4 1 5 4 8 10 -10 6 -3 -4 1 -9 2 10
-7 0 6 -8 -2 7 7 7 -8 -9 4 8 6 -3 -3 -2 -5 10 -3 -3 4 -5 -9 9 -2 7 -2 -8 -4 -8 -6 6 -1 -9 -4 -3 -3 8 8 5 4 -7 7 -9 0 10 -8 -4 5 -7 4 -8 5 -4 -7 7 8 -4 9 5 -1 8 -10 8 3 -7 4 10 -4 8 10 9 4 -10 -2 3 9 -2 5 10 -5 0 6 5 6 -1 10 -1 -2 7 -3 0 -2 7 6 -1 10 4 -7 -5 5 -10 0 6 5 5 -5 -5 -8 3 -1 -7 4 0 10 7 -5 -4 -7
-3 -4 -1 6 -1 0 6 5 -7 -1 9 -4 8 -6 0 -5 -4 2 -5 -5 9 -5 0 6 5 10 9 3 -2 -3 -2 5 -1 1 -6 -1 0 1 0 4 -1 3 8 2 3 -10 2 -9 3 1 10 -6 4 -2 -10 -4 -4 -2 -1 1 -10 0 3 2 0 7 7 -4 -4 9 6 4 -2 -7 -8 -3 -5 0 5 8 5 -9 2 5 -3 -2 9 8 2 -9 -7 -9 10 0 -2 7 1 4 -1 -7 5 -6 -8 0 3 -6 -6 8 -1 8 -4 7 -8 4 -3 0 8 7
-2 7 6 -1 -10 -6 -8 0 1 4 -4 -5 0 4 -3 4 1 0 -4 -2 -2 9 -10 -6 -7 10 3 3 2 5 -9 6 -9 6 1 -10 8 3 -9 6 0 7 5 -1 8 0 10 -8 -8 8 -8 7 -7 7 -5 6 -8 8 4 9 10 -4 -8 3 -2 4 4 -6 10 0 -8 -5 10 8 0 4 6 3 -10 2 8 -1 -10 9 2 -10 -10 -3 0 3 -6 -2 -3 8 0 7 4 10 -4 8 1 8 -6 -4 -6 -4 -1 -5 -7 -10 7 9 -9 -6 7 1 -8
0 0 -3 -4 -4 -1 -5 3 -2 -3 -4 1 -10 -6 4 -7 2 -10 4 -4 2 -9 4 4 2 -4 -4 2 8 -7 -8 -5 6 8 6 -7 -5 -4 -7 5 9 1 0 3 -4 -4 -8 6 1 5 -2 6 -7 4 -10 -10 2 3 2 -7 1 1 -1 -8 3 10 -1 -3 -8 10 10 2 5 -10 -2 10 0 -9 -6 -3 -5 8 -10 -6 6 -6 -6 5 -9 -9 9 -4 -1 1 9 3 -5 3 -5 -5 6 -6 -5 1 -7 -5 -10 5 -4 -1 2 10 1 -2 9 0
-10 -10 0 -10 5 -9 -6 3 -9 7 2 9 6 -5 -5 -7 -10 1 -3 -8 3 -8 -7 5 4 3 7 4 -6 9 10 -10 -1 5 5 -2 -6 0 7 1 9 -7 5 5 8 -4 -6 -3 6 -6 -6 -3 -8 -7 2 -1 9 -7 -3 -3 -2 -5 -1 0 4 8 6 6 8 -2 -6 0 3 1 -6 8 -9 2 10 -9 -4 -5 -10 -6 10 -9 -3 -5 2 0 -10 8 5 5 1 -4 10 8 2 4 -4 4 9 -2 7 4 -7 -2 10 6 0 0 -5 -2 0
5 7 4 -7 0 6 -2 -8 1 3 10 -10 7 -6 -7 -3 4 -7 -7 7 -1 -6 1 -1 4 3 7 -8 6 -5 2 6 -4 -6 -3 -10 -4 1 6 9 -6 8 6 6 -9 7 1 7 -3 6 -5 1 -5 -7 -5 10 10 9 -3 -6 7 9 3 -4 -2 -9 2 -1 2 6 3 5 4 0 -6 -1 -10 -8 -2 7 -1 -4 9 9 -8 -9 3 -6 -6 5 -5 -3 2 -5 10 3 2 8 -4 -3 1 -8 -3 -2 -6 2 -7 8 -6 -4 4 -6 -2 0
-10 10 -7 6 -1 6 -7 10 9 5 -3 4 -1 -7 7 9 4 -6 -8 0 -2 -9 2 -2 -7 10 4 3 8 -5 5 -1 -3 6 -7 -8 9 9 1 -3 5 3 3 -9 10 -7 -2 -2 -2 10 6 0 3 -2 1 -8 -10 -7 5 -3 8 5 -3 8 3 -2 -7 5 7 9 8 2 9 6 2 -9 9 -7 8 10 -7 8 -7 -7 -3 1 8 9 3 2 -9 1 10 4 4 8 6 -9 2 10 3 -10 -4 8 -5 -10 10 0 -7 -1 3 -10 4
-2 1 1 1 -3 -2 4 -9 0 4 10 -2 -5 -4 7 7 10 0 2 1 -5 5 -8 0 1 9 7 -3 0 -1 -7 -8 10 2 0 9 5 10 -5 2 -4 -2 5 1 0 4 1 -5 -5 0 -10 -7 -4 8 -1 6 10 7 -1 7 7 -5 2 9 -8 -4 -8 -8 9 2 -2 -6 0 7 1 2 -6 2 -7 -1 9 8 -8 0 -3 4 -9 -3 7 -6 -2 -10 5 -3 -3 -3 -3 4 10 -4 -6 -10 -1 -3 -10 9 5 4 3 7 7 8
-4 3 -5 6 8 2 10 8 2 -2 1 -2 3 1 1 -3 0 7 1 -8 -6 0 -3 7 8 -6 -7 6 5 7 0 -7 9 -3 1 10 7 -3 4 -2 8 -9 4 9 4 5 8 3 -8 -5 -10 7 4 7 10 -9 1 5 -6 -8 1 -8 -2 8 -2 -10 9 5 3 -6 2 -4 4 -1 7 -1 0 -3 8 6 3 -6 7 8 0 -10 9 -9 1 8 -7 -8 9 -8 6 3 -5 -4 -3 9 -5 -5 -10 10 5 -7 0 -8 -7 2 8
2 3 2 5 -6 0 -5 -7 -1 1 -5 3 -2 5 -8 -5 -2 2 -4 -3 1 10 10 -8 0 4 -7 6 -2 -10 9 -9 7 -9 1 -7 -5 -10 6 -10 -10 0 2 -1 -10 8 8 1 -8 -5 -4 10 9 5 -5 7 -4 1 -7 -6 9 1 8 -5 4 -5 6 -6 4 -10 9 -9 7 -7 -1 -1 -7 1 -5 8 6 -5 -7 5 -4 9 -6 9 0 4 7 2 4 -7 7 -8 0 -3 1 -6 -3 5 -4 2 -9 1 -9 5 8 -7
6 -8 10 0 6 8 8 7 6 2 7 10 -4 -1 0 -6 4 -4 -1 10 3 2 3 2 -8 5 -10 5 -7 0 7 5 9 2 -1 5 -1 -9 6 -9 -4 -8 -1 8 8 7 -5 10 0 -9 7 -10 -9 -1 2 -4 1 7 -9 3 6 6 -5 6 1 -9 -4 -7 4 -5 -3 0 -8 -4 5 -4 8 10 9 -10 -9 2 -4 -7 -1 -10 -3 0 -5 2 -3 1 2 -9 -6 -6 9 -3 9 -2 3 8 10 -1 -4 10 -2 3 -10
3 3 2 -2 -4 5 -2 9 -10 10 2 -9 4 -6 -3 -8 10 -7 -7 -5 5 -8 -5 7 0 -5 -2 2 -1 7 -1 -1 8 -2 -7 -7 2 -4 -8 7 5 -4 -6 6 -9 5 5 -7 -7 -3 -9 2 -5 -8 -8 -3 3 9 1 4 -6 4 9 -9 6 -4 -4 0 -9 8 -10 -6 0 -2 -5 1 4 -4 10 -9 2 2 -6 -1 6 -8 -3 -5 10 -4 0 4 -10 4 -8 -3 9 6 -1 7 -5 -6 7 0 -9 -7 -8 3
6 7 -10 9 -5 0 1 -9 -6 -7 -3 -10 2 -10 8 -9 2 8 -7 -3 10 -9 8 7 -8 -10 10 5 8 10 2 -1 9 2 4 -3 5 9 -2 1 10 4 5 -6 4 7 1 -3 -6 -1 10 -5 2 -2 -5 1 -10 3 -1 -6 -9 4 3 7 -3 2 -6 10 1 -4 2 3 3 4 4 4 2 4 1 0 0 2 -6 6 -4 -3 -4 -4 8 -4 9 1 4 7 3 1 10 -1 -4 2 -6 5 -7 7 10 4 -1
9 3 -9 -4 -4 0 7 -5 2 6 3 -5 4 -10 -4 2 8 -5 -2 8 -6 10 2 8 -4 -6 3 0 4 -3 -6 5 0 9 9 6 10 -9 -7 -8 -8 -10 -10 -9 0 -8 0 1 -4 -6 -4 -1 -8 1 9 0 8 4 5 0 -5 -1 -1 -7 7 -5 -6 -5 3 -7 7 9 3 -5 7 7 10 5 -2 -3 -7 -6 4 -7 -9 -6 2 5 2 5 -5 -10 8 1 4 8 8 -5 4 -10 5 8 1 0 -8 1
-8 -5 -6 9 -1 2 -6 -7 -4 10 0 -1 -8 1 9 5 -10 9 8 3 -5 1 -2 -4 6 -2 6 -10 5 0 -5 -9 10 -3 -1 -2 4 3 0 -9 -2 4 -8 0 7 -9 -6 9 -10 8 -10 -1 2 -4 5 2 2 -9 -2 2 0 1 6 3 3 0 -6 1 -2 7 -4 5 -1 -2 -8 4 -8 0 6 -7 -10 -6 -7 -3 -8 -5 1 -8 -6 8 -3 -8 -8 -10 -10 0 9 -8 -6 8 10 4 10 0 -7
9 -7 -9 -6 -4 -8 -5 -8 -8 -10 3 -3 -4 -9 -8 2 0 10 6 -4 5 -4 5 9 -5 5 -1 8 -9 4 -5 6 -10 -8 -5 -4 -2 -6 7 8 -4 -7 -8 -4 -5 0 -3 -5 2 10 8 -1 9 3 6 10 -1 -4 3 -2 1 -3 6 -10 10 -2 -1 -5 -8 -9 -8 5 1 -9 9 3 -8 4 -10 -8 0 8 1 9 -8 8 -2 0 4 1 5 1 5 -1 5 0 7 -4 -3 8 -5 -9 1 3
4 4 0 2 4 4 4 -6 -6 2 3 -10 -6 0 2 10 -6 2 1 -10 3 -5 -6 8 -5 -4 -7 -10 2 5 -6 -2 0 -4 -10 5 2 -5 -1 7 -2 -3 -4 5 9 5 3 3 -5 5 -9 1 -7 -8 0 5 9 -1 -6 -3 6 5 -4 3 5 -10 -1 10 -5 0 10 -1 9 3 9 -7 9 -6 6 -1 0 1 -6 1 8 5 -8 -10 4 1 3 -3 -4 0 -3 0 10 5 -2 7 0 8 0
-4 -6 0 10 8 -3 8 9 -3 -3 5 8 5 -10 0 6 -7 2 -6 9 0 -8 6 5 4 9 -2 -8 4 2 -4 -2 -6 1 -9 5 -3 -3 10 -10 0 1 9 5 7 -6 -2 0 5 0 9 7 -4 10 -4 9 9 -7 -1 -9 -4 6 6 -1 -3 2 3 -10 -1 -2 -4 -6 -1 -10 -10 10 10 3 -8 1 4 -6 4 10 2 7 -5 9 4 0 -7 -2 4 -2 -4 9 4 -1 -5 8 -6 0
-10 -7 -9 0 7 5 1 -6 0 2 7 -10 10 3 10 0 2 -5 0 9 -9 10 -1 0 8 8 -9 6 -9 -6 5 -8 -8 -6 -6 -7 6 -5 -3 -8 1 1 0 -8 3 0 -8 5 2 7 -9 6 3 10 2 -6 7 -8 -4 4 -5 -7 -2 -3 -3 -9 10 7 -10 -9 10 -3 5 -9 -9 -3 -3 -6 -6 6 0 0 2 10 2 -10 6 -1 5 -10 3 7 -8 -9 -4 8 -9 -4 -3 8 5
-10 1 -8 8 1 6 -5 2 -4 -6 7 -10 10 9 -1 -2 7 1 6 2 -5 -4 9 -2 0 -4 0 -2 2 -7 10 -1 4 -10 4 9 10 6 2 -4 -5 -7 -9 2 -7 -4 -4 8 -1 -4 8 -1 1 4 -9 10 10 -3 8 -2 -4 6 -10 -1 -10 -4 -5 0 -4 5 2 0 4 2 9 -5 5 5 7 9 -1 -3 -8 9 -7 -10 -10 9 -9 -10 -2 -10 -1 4 2 8 -5 -7 -9 1
-4 10 -4 3 1 -8 -2 3 10 -10 -1 -9 -7 -1 -6 -2 4 -4 -7 10 -10 5 -5 -10 -7 -8 -3 4 8 7 -2 -2 -10 8 5 -8 -6 -4 -8 2 2 -10 -9 5 3 4 3 -5 -10 8 -9 -8 -2 -1 5 -4 -2 -10 -2 -4 -3 4 -10 10 -9 8 3 7 5 -3 -9 -1 1 -8 9 1 4 5 7 -5 1 1 7 7 -6 0 10 1 3 -5 8 2 1 4 1 -1 -6 5 7
3 1 3 -8 9 -2 -6 0 1 10 4 4 7 -5 -9 0 6 10 -6 9 0 7 10 -5 8 -6 -4 2 -8 3 -7 6 7 -9 6 -7 8 -10 -2 7 -5 -3 0 5 -7 0 1 7 2 6 2 -3 8 1 3 -7 -3 10 10 4 -6 -4 -10 6 -7 5 -6 -8 -1 -3 2 -1 -4 7 10 -7 -4 -10 -10 -10 -1 -7 -4 -5 -8 -8 -2 4 -7 3 1 2 -10 9 -1 0 2 1
-4 -1 3 9 8 5 10 9 8 -9 5 -9 5 0 1 -10 -2 5 2 7 -7 3 8 9 1 5 -10 2 -9 5 -8 5 -2 7 -8 -8 -3 10 -7 4 2 0 -3 9 5 -9 0 -1 7 4 -4 9 3 -7 -10 -6 8 -10 6 4 -8 6 -5 4 -2 8 2 7 10 -9 -2 8 -7 6 5 -5 4 -1 -5 -9 -1 9 0 3 -7 -6 -8 -4 5 5 -3 -10 2 10 -5 2 -9
-1 -5 -3 0 8 5 -3 4 -7 -7 -5 -6 -6 9 8 -10 4 5 1 3 -10 6 1 10 7 -7 3 5 -9 -2 3 7 3 -8 -8 -8 -2 1 5 2 6 -3 -6 -7 -10 -5 -8 8 -5 -4 4 7 1 7 -2 5 -8 -5 8 3 -7 7 -9 -3 -4 -6 -1 -6 2 -10 1 -9 6 -10 -7 6 -2 8 6 -10 -1 -6 0 -3 5 -4 -4 5 5 5 -4 -7 -5 2 7 10
10 7 -8 -6 -6 6 -6 -8 5 6 -8 8 -5 -3 10 3 10 1 -3 -2 3 -9 3 -9 0 2 -10 -4 1 2 4 9 -3 -6 5 9 6 3 10 10 -5 -3 9 6 -1 5 -8 3 9 -10 3 -8 7 -8 -6 10 -9 1 -2 2 -2 4 10 0 -1 7 9 0 -1 5 6 5 2 8 7 9 9 8 -6 5 0 -8 5 0 7 6 9 10 -8 -2 10 -2 -2 -1 9
6 -3 0 0 -3 8 -4 1 -1 -4 0 6 3 -2 -2 9 3 -4 9 -6 -1 -4 1 7 7 0 -4 4 8 6 -5 -7 -1 10 -3 -4 9 10 0 -5 10 5 1 -3 2 5 -2 8 4 7 0 -6 -2 9 -8 -2 -7 2 7 2 -10 -8 -4 -2 5 4 7 8 -2 6 8 3 -4 -2 -9 3 10 5 9 -7 5 3 2 0 -7 -6 -5 -7 1 -9 -9 -8 -2 -7
7 7 -2 -6 -7 3 -4 -9 8 -9 -10 -7 0 9 -2 -1 3 -3 -3 -3 9 9 8 -2 7 1 -3 -6 -10 7 8 0 -3 -5 2 -4 7 9 -10 -5 -8 8 9 -2 5 -7 -7 -3 3 -3 -3 4 9 -5 -5 -3 -2 -7 -10 -3 -1 3 8 9 2 4 -4 -3 -7 -8 3 4 4 -6 2 9 2 -10 7 -2 -4 5 3 6 0 0 -10 5 6 9 2 4 9
-4 1 -6 -8 9 2 -5 2 -4 -4 0 1 2 -2 -3 -1 -3 2 9 5 -10 8 -3 10 -8 4 -10 2 8 1 1 2 -10 5 3 4 3 -8 3 -2 1 -3 -2 1 -2 5 -5 -5 -3 8 10 6 9 6 -4 -9 2 1 -9 -3 -8 -5 -8 9 7 -9 -2 -8 6 -2 4 -6 -1 -6 3 -2 -5 -3 3 -1 -5 6 -8 -3 -8 9 -9 8 10 -5 -1 7
5 3 -5 -3 -10 -4 9 -8 -8 -7 -2 -5 7 -7 4 7 1 -5 -6 7 -5 -3 -10 0 -5 -2 6 -10 6 6 -9 2 -6 -5 -9 5 -6 -6 -3 9 1 8 -2 4 -3 4 -5 -7 -3 -5 10 9 -9 -8 2 -6 -10 -1 4 6 5 2 7 7 2 6 4 10 6 1 9 8 2 -2 6 3 -5 6 5 -6 -9 -4 -8 9 1 -1 -7 9 3 2 2
-1 1 -10 0 5 -4 -10 -4 3 10 -6 4 8 -6 10 -1 2 -3 -6 -10 -3 4 -2 5 2 4 4 1 -4 4 -6 3 -9 -3 -6 10 -7 -1 1 -9 1 4 2 10 3 -8 9 -1 1 6 7 5 -9 5 -8 1 0 -4 -1 6 -5 -10 -7 -6 7 -2 -9 -10 6 -4 10 6 1 -10 4 2 0 9 4 1 9 0 -1 1 -9 6 8 -7 4 5
3 6 -9 7 8 6 -8 -6 2 0 4 10 -2 -6 -6 -4 -8 9 2 -2 2 -3 -9 -9 -1 -10 -6 -4 3 8 -4 3 -6 3 7 8 -2 -4 -10 -8 -5 -9 -2 5 -8 -3 4 -5 5 -7 -8 4 0 9 1 5 -2 8 7 7 0 10 0 6 -6 8 6 -2 9 -3 -3 -10 3 5 -2 0 6 -1 5 2 -9 8 -1 -2 -7 -6 7 -3 -3
-3 4 -6 -7 7 6 1 3 2 3 8 0 -1 -8 -3 -5 9 5 -8 0 -9 3 2 3 -6 3 5 -10 0 1 -7 -1 -3 5 5 2 8 -4 2 3 -3 -1 -3 9 -5 0 -5 9 0 8 2 -8 -7 -8 -8 -10 -6 7 3 5 -8 10 -6 -9 -10 5 -5 -9 -6 -1 1 1 8 -8 -9 -5 -1 0 -7 -9 8 -8 -9 9 -10 -4 -5 2
5 -7 -2 8 -1 9 6 -8 9 -1 -6 -8 4 9 -2 -5 10 6 -7 5 9 -3 -1 -9 2 0 -5 5 4 1 6 -1 -1 10 2 3 -3 -1 0 -4 -3 4 -6 -6 -9 -8 -9 8 -7 -6 -7 4 -6 -6 -8 -1 0 0 8 -3 5 3 3 -7 10 7 8 -1 -4 5 10 -9 1 -5 2 -4 1 -8 -9 -9 -2 2 -5 5 4 2 0
4 -6 0 3 0 8 -5 -10 -5 -2 3 -8 5 0 -6 -9 -6 -3 6 9 5 -2 -4 -5 3 -9 -10 10 1 0 9 1 0 -10 -7 5 6 -4 -4 -6 0 6 -2 6 2 6 8 9 9 -4 3 -9 4 8 7 -1 7 4 -9 -1 0 -10 3 8 10 -8 5 3 4 9 8 -3 0 8 -3 4 -2 -1 10 -9 -3 8 -2 2 -2 -10
6 -3 -9 -3 4 -3 2 -10 3 -9 -8 -2 7 7 3 -10 6 10 -1 9 -9 5 8 -4 7 7 -1 -7 -3 2 7 0 -5 7 10 -4 -10 3 -8 0 10 -3 5 -10 -7 -6 -2 -5 -1 -2 3 -5 3 -4 -5 1 -7 -1 -1 7 7 10 -8 -8 -6 -7 -10 -3 -8 -2 -5 -7 4 0 -7 6 7 4 6 -7 5 9 -2 -8 1
-8 1 -5 2 -4 7 -2 -10 9 -8 -8 -5 -6 0 -5 6 7 -4 5 10 1 -10 0 2 3 -7 6 2 -4 -5 -4 9 10 5 8 -8 -3 5 7 4 2 0 10 1 -4 -9 -9 4 -4 -10 8 1 -10 1 10 0 3 -10 0 4 -8 -6 -7 9 6 7 -7 8 -6 5 5 7 7 0 -7 9 -9 10 0 -3 -1 7 3 -1
-9 -7 -9 -1 -6 -2 2 -6 -2 0 3 -8 6 1 -8 5 -1 -1 3 -10 -10 -1 0 -5 -8 -6 6 9 9 -7 1 -7 -7 -2 0 0 -7 -5 8 -4 8 -8 -3 -9 -2 -1 7 7 -8 7 8 7 -1 7 -1 -7 2 -9 -1 3 -8 0 -2 -9 -6 -8 -7 8 -10 -7 5 -9 5 1 2 7 -7 -2 -5 8 7 -3 -8
0 -5 -5 10 8 -7 10 -10 5 -4 -6 -5 6 -3 3 -10 6 -2 8 -4 5 7 -3 -9 3 -4 9 2 -4 6 -1 1 -6 2 8 3 8 -1 -2 -3 9 -7 3 -2 10 9 5 -10 -7 2 8 -4 -2 -6 8 -5 10 8 -7 -3 -6 -9 -3 -3 -9 -8 2 -6 -4 -2 -7 8 -10 10 -4 -7 -10 3 -7 0 -4 4
-6 -6 10 -7 1 0 3 2 6 -2 4 -4 10 -6 -4 2 1 -4 -3 5 5 -2 3 -9 -2 -10 3 4 -5 -9 -9 4 6 -1 -4 3 -7 -1 -6 -1 -2 -5 3 -10 5 6 -8 8 4 1 -1 10 -3 4 -4 -2 5 2 -2 -5 5 -3 4 -6 -10 -3 10 5 2 -3 7 6 10 -6 -7 -2 1 6 -2 -7 -2
6 -1 2 -10 -8 8 -7 -3 -1 -2 -3 7 9 8 6 -5 10 5 6 -10 -6 -10 0 7 3 8 0 -10 5 -4 -5 -7 -1 3 -2 -2 8 -4 10 2 9 8 8 1 -7 2 5 9 -4 -3 0 -9 0 1 5 -3 7 0 5 -3 3 7 -10 -8 -7 8 -6 -3 3 -9 -4 4 3 7 -8 -7 7 4 -6 -3
-4 -4 1 -7 -9 -2 -10 8 3 -7 -2 10 8 4 -4 -8 0 -3 9 -7 -8 -2 9 7 10 -3 -9 5 -2 7 -5 -10 5 -4 3 0 -7 -8 6 8 -3 8 -2 -10 3 1 1 4 7 -5 -10 -7 10 8 -10 -2 -4 -5 -5 -3 -9 -5 -4 -4 -4 -6 -1 4 -9 4 -3 9 -6 -9 -7 -4 1 10 -1
3 -6 -8 -5 5 2 -10 -5 1 -9 7 -5 3 -7 -8 -5 -4 -8 -6 3 -7 3 -3 -5 -2 6 7 6 8 8 0 4 -5 9 7 8 -4 4 3 -5 9 4 -2 0 -2 9 -4 -10 -4 2 -1 2 7 4 -8 8 -7 -6 -9 -3 7 -7 7 5 2 10 8 -6 -9 6 -5 7 -3 -6 -3 -9 6 9
7 -8 -3 7 7 -8 0 6 7 -8 -2 -2 0 7 -6 -5 -9 3 5 -4 -6 -3 10 -8 6 -6 9 4 -8 3 10 7 -8 0 4 -5 -2 0 -10 -9 -10 -10 -10 -10 -8 0 -5 10 8 -8 -8 -4 5 -7 4 7 10 1 -9 10 9 -10 -6 1 0 2 -7 6 10 -1 -1 -2 -5 -8 7 -6 9
8 7 5 -1 5 6 -8 -6 -5 -1 6 9 -9 0 2 5 -9 6 3 4 -10 -9 9 -9 -10 -2 -3 2 1 10 0 -8 1 6 -2 6 -6 2 2 8 -7 -3 3 -6 -2 6 -3 0 1 -9 1 -1 -5 8 2 -9 7 -9 10 5 -9 3 -4 -3 3 9 9 7 4 9 1 -10 9 10 6 -5
-6 -8 -9 -2 -9 -7 2 -2 6 -7 7 6 -10 -2 10 -2 10 -5 7 5 5 -3 6 -4 2 -4 6 10 -8 2 -2 -3 -6 -8 -6 2 9 -1 -5 6 8 10 -1 3 -1 -5 -10 -3 3 -6 1 6 3 -4 -7 -1 -2 -8 4 -9 2 -1 10 2 -5 1 1 -1 -9 -5 2 -3 1 0 7
-5 -1 -4 -10 -8 5 2 -1 3 -2 -1 6 8 6 6 -10 -3 -7 1 -3 7 6 6 -5 -2 0 -6 4 9 -9 0 -9 -1 10 -9 -1 -3 -4 -4 -4 1 -4 6 -2 8 0 -7 2 -3 -6 -7 -8 -7 9 4 6 4 -7 7 -9 9 -4 -3 8 -8 10 -4 5 -4 -6 2 10 0 -3
-9 3 -9 -8 -8 9 6 5 0 2 -7 4 6 3 7 6 -10 -10 -5 -4 -10 -10 8 -7 0 3 -7 7 -6 9 6 -10 -3 2 0 5 10 5 -2 -1 9 -7 3 -10 9 -4 2 1 9 1 -6 -9 -8 -1 9 -8 -7 6 10 8 -1 -7 7 -1 -3 -3 2 6 5 0 -10 8 -6
3 -4 -5 -5 -4 9 9 6 -6 -8 -3 4 -2 0 0 3 -8 -8 -2 -9 -1 -6 6 7 3 -9 1 10 -10 0 -3 5 2 3 3 -9 6 -7 -7 -6 3 -10 -9 -4 -9 6 -4 1 2 2 9 -8 -10 2 -6 4 -8 0 -4 -7 -5 -4 -2 0 1 -9 3 6 7 -5 3 8
-7 5 10 5 3 7 10 -6 9 -4 6 -2 -1 -9 -7 -3 -1 7 -10 6 4 -4 0 -1 -3 5 7 6 -6 3 -9 -4 -3 10 1 9 -7 -9 -7 1 4 -10 9 -9 6 1 8 8 -8 -1 -1 8 -5 -10 4 -2 8 -5 2 9 8 9 10 3 9 8 2 -1 7 10 9
9 4 -8 6 -1 -6 7 1 8 2 10 8 -3 -6 0 8 -7 -1 -10 6 -1 8 9 -4 -5 -4 -7 -5 -3 -1 -6 3 2 8 7 -9 3 9 -10 7 5 -6 2 10 -7 4 3 -10 10 4 -5 -4 -1 7 -3 6 9 -3 0 9 1 10 -3 6 -6 7 -10 -1 -10 1
3 -7 -6 8 9 3 0 -10 7 -6 2 8 1 7 -6 3 -2 -8 7 2 8 2 1 3 10 -8 -4 -10 7 5 3 -7 -6 -4 6 0 8 0 -7 -2 -4 -2 2 7 -6 -3 8 -1 6 -2 10 -9 -10 -5 5 -3 -10 -10 6 3 9 2 2 -8 -9 -7 2 6 -4
-8 -8 -4 9 0 -10 -9 -8 2 6 -9 9 10 -2 -8 -1 10 9 -8 0 -9 4 3 -5 10 6 -4 8 4 10 3 10 -6 -9 1 -3 10 -2 -2 -10 5 4 4 9 -1 2 -5 -9 4 -6 2 3 -6 9 -6 1 -10 7 -8 5 10 5 2 -9 -5 8 9 -8
-2 -10 2 6 7 -2 -8 -4 -4 -4 4 -3 -8 -6 0 1 -5 -4 1 2 -7 4 7 -8 4 -10 -4 -5 -7 -8 9 -5 -10 2 -7 -3 3 -3 6 0 -6 4 5 7 8 1 2 -7 -4 -4 4 -8 7 -1 -1 -2 8 -9 -5 8 0 -9 -6 2 -1 6 -9
-7 3 -2 -1 -9 -3 4 -4 -2 -7 2 5 7 -7 -6 4 5 6 -5 -5 -8 -10 -5 10 -8 5 8 7 -5 -7 10 -4 -2 6 3 -5 8 7 0 5 9 4 -3 3 -3 7 -3 -7 6 -5 7 0 3 -10 0 -3 8 4 -10 5 8 7 10 3 2 -7
4 5 -9 2 5 -3 2 6 -6 -10 1 -10 2 7 -6 -8 -5 -5 -3 10 1 0 -5 -8 2 1 -10 0 7 4 -7 -2 2 8 -6 -8 6 10 -5 -8 8 -6 0 8 2 4 9 -9 7 8 7 -2 -3 3 9 9 7 -1 7 -10 -5 -6 -9 0 -9
9 -3 7 3 9 -2 6 -1 10 -6 -1 9 0 9 6 7 10 -8 10 -8 -1 1 4 10 7 6 4 -9 10 4 -8 1 -5 -3 7 2 4 2 5 -4 7 -5 -10 9 4 -2 2 -8 9 -8 10 4 5 9 7 5 2 7 -6 9 8 3 6 5
-6 -6 0 6 8 -4 5 -9 10 7 0 6 -10 2 10 -5 10 -3 1 -9 -2 -10 1 2 2 9 0 4 8 -9 -10 -7 -5 -2 7 -5 0 1 -2 -2 -5 6 2 4 8 2 -4 -6 1 9 -1 -5 10 -3 10 -6 7 8 -2 2 -3 -4 7
8 -7 0 2 -5 -2 -8 0 -5 7 0 5 -5 0 2 -5 8 -5 2 8 -3 -3 0 6 9 1 -7 -3 6 -7 7 2 1 1 -10 10 5 6 -2 2 7 0 -10 9 0 5 -1 -2 -3 -10 -4 -1 10 9 -7 6 8 -8 -7 5 9 5
-5 -9 -4 6 0 8 -3 -2 -9 -8 1 -4 2 -1 -8 0 -1 4 -7 0 0 -4 -7 -4 -5 1 9 -4 3 5 6 -7 -3 3 4 0 -9 -10 9 -2 -6 10 -7 -1 -8 -9 1 -5 4 2 9 6 -7 8 6 5 7 -9 9 -6 5
-10 -2 1 -6 -3 6 6 7 1 2 -5 -6 0 7 3 3 -9 0 8 6 3 4 7 4 -2 -1 -5 -6 5 0 6 0 -2 7 10 0 8 3 1 0 9 -1 -5 6 -6 -1 9 -7 -8 3 0 -10 -6 -10 -9 -9 -6 -1 1 10
-3 8 10 -3 -8 -3 -6 10 -7 0 0 -8 -4 -10 0 0 5 -9 6 -4 10 10 3 7 -5 -7 -1 -1 -1 6 6 9 2 2 8 9 5 -6 5 -3 3 4 10 4 -1 10 3 -6 -10 -6 1 6 -5 1 -1 -4 -8 6 -4
-5 7 -7 -6 -4 -8 -6 -4 9 -6 10 -10 10 -1 9 -8 -9 2 -10 -8 6 -3 3 -2 5 -5 -4 7 4 1 -10 7 -5 5 2 6 -8 4 -5 -5 1 5 4 0 -2 1 7 10 -2 5 -6 2 -6 8 -9 0 -6 9
-8 6 4 2 7 -3 -7 2 -9 7 -5 4 -7 10 5 -5 -8 4 -4 -4 4 -4 8 10 8 -5 -10 0 -5 -5 -6 8 8 9 -4 3 -5 -7 3 0 8 -8 10 -1 -3 7 7 -6 -3 -5 0 10 1 -3 8 7 -4
0 7 -1 -2 3 -7 5 10 4 5 -3 -5 2 -1 -3 -10 8 0 -2 -2 8 5 9 -7 -5 4 9 8 4 -10 -5 8 -5 4 -8 -5 -9 0 -3 9 4 6 5 -7 -4 5 0 -6 8 7 6 -3 -6 -6 -10 -7
-6 1 2 -9 7 -4 -5 -9 -9 -2 7 5 9 4 6 6 6 8 4 1 -4 1 6 1 -5 -3 10 7 2 -9 -9 -4 -10 -2 -1 -3 2 10 -8 8 8 0 -7 4 -8 1 -5 -4 8 -8 -10 -6 10 8 -5
8 1 -10 -8 -1 -4 5 -2 10 6 -4 -9 9 -4 -10 8 3 5 -8 -4 8 5 -8 9 -7 -6 2 -9 10 -6 -6 -7 -4 -5 -7 4 3 4 -6 -9 -7 9 -8 -7 -7 2 2 -7 -6 -5 -9 -7 9 -9
4 -6 0 6 4 -3 -4 9 -4 -9 -1 8 -4 3 2 0 -4 7 -10 -5 4 10 -1 6 -7 -6 -1 -5 -7 -8 -1 -10 7 2 10 6 -6 0 -10 8 0 -6 -6 9 -1 2 -6 -10 8 -4 1 1 2
-8 10 -10 -4 8 9 1 -6 8 5 -10 -7 -3 4 -7 -6 -2 -4 3 1 7 0 7 1 2 -1 -6 -4 -10 -2 -8 -6 -10 -6 5 -9 3 -7 1 9 -5 5 -3 7 5 -2 -9 -5 9 9 -9 4
-8 3 3 8 -10 3 -3 -6 -6 -1 6 10 -7 0 0 -2 -5 10 10 -10 -3 -1 -9 -3 -9 -7 -10 9 1 2 5 8 10 4 1 3 -1 9 -8 1 4 8 1 1 -1 3 -5 -3 -2 5 -7
-6 -2 4 3 -10 -7 -9 7 -9 -7 6 -7 -9 -4 -10 3 7 -3 -7 4 2 -2 -8 5 -5 3 6 -9 7 -10 6 -7 1 4 -7 -6 8 -10 -7 0 -9 4 -8 -4 6 -9 3 4 -7 -3
-9 4 -3 0 -8 -9 -1 1 6 -2 5 -1 -4 2 -5 -7 -4 -10 -10 8 3 -5 1 7 6 1 4 3 3 9 -2 5 -10 -4 -7 7 -10 0 -4 -4 9 2 -5 4 -2 3 2 3 -6
-8 1 8 -8 6 -3 -6 5 -10 -9 -9 -2 2 3 3 -7 -1 0 10 8 -10 -8 -7 -9 4 8 5 4 -7 -2 -9 -10 10 -2 8 -3 7 7 -8 8 10 -2 8 -10 0 -3 -8 0
-5 -9 -2 9 9 6 -9 8 -1 10 9 5 2 9 6 5 10 -3 10 -8 -4 4 8 4 -7 3 2 9 7 -1 -7 3 2 -7 -6 -4 5 -1 -9 5 5 8 -2 -3 -3 -5 0
3 -5 -4 6 8 9 -1 8 8 -7 9 4 -10 -8 -2 -5 3 -6 -10 -4 4 -9 6 4 7 -5 -7 -8 3 -9 -5 -10 10 10 -2 -7 7 -8 -3 1 9 8 6 9 6 8
4 -6 -7 -8 4 -10 7 6 10 8 -1 6 -10 -8 7 2 -2 -1 7 -6 -5 -7 4 1 6 6 -3 8 4 6 1 4 -10 7 -5 -9 -10 -2 7 -9 3 5 0 5 -8
-5 -4 2 8 -8 -1 9 2 -8 10 -8 -5 6 5 8 -2 -5 9 3 7 6 -6 4 2 8 5 10 -9 -2 -9 8 1 -3 -7 -2 -8 8 3 -7 1 3 -9 5 7
10 -3 -5 5 -1 7 7 -3 0 2 1 -7 4 8 10 2 -5 -1 10 -9 9 3 10 -1 9 2 2 7 -3 -2 9 3 -10 -2 4 6 -1 -6 -8 4 -10 -6 7
0 -7 2 -6 -5 1 8 -3 10 3 -2 7 7 -6 -10 6 8 -3 -2 7 2 7 6 -3 9 -9 3 -6 -2 2 5 -6 6 4 9 8 -8 3 -10 9 -8 -8
-1 -8 -4 -7 8 -3 1 9 10 -5 -4 3 -7 -3 -4 5 3 -10 0 -5 -3 -9 -2 0 7 6 -7 2 0 -10 -5 1 -2 -1 5 -6 -2 -7 9 -7 3
0 10 -9 -4 -1 -2 -10 8 3 2 -8 5 5 -8 6 -6 -2 9 7 8 7 10 -9 7 7 -10 2 4 7 -6 -7 -2 -8 4 -2 3 6 -7 -3 0
9 -5 2 10 2 -2 7 3 9 7 9 -3 8 2 9 7 4 -1 6 2 8 -1 -8 0 0 8 -2 0 -9 -7 -7 9 -6 9 -5 -9 5 1 -3
2 -9 1 -7 -8 5 -8 3 -9 -3 9 7 7 2 -4 3 0 -3 3 10 -6 -7 6 8 -2 0 1 9 -9 2 5 -10 -9 -10 9 10 10 8
-1 -6 -1 6 8 -2 -5 -9 -1 2 2 -2 7 9 3 3 5 3 -9 0 3 -2 -5 -10 -1 0 3 1 5 4 0 7 -10 8 4 -1 0
-3 -4 6 9 -10 3 -6 -3 1 -2 2 2 -6 10 -5 3 0 -1 -9 -7 2 10 0 9 9 1 -3 -9 -10 3 -5 -5 -7 -5 -6 -1
-5 4 3 5 5 -1 2 -6 0 9 -8 2 -10 -7 -8 -5 -2 -7 -8 1 6 -2 7 6 10 2 -9 -10 7 -10 -7 5 8 6 2
5 5 7 -6 -4 -8 -5 8 9 1 4 -10 -2 4 -6 3 -2 -5 10 3 -8 -6 -7 -5 -9 -4 6 -2 -3 5 0 -3 3 1
8 2 7 -9 4 7 1 10 -5 1 -2 6 -5 -1 -6 -7 7 -3 6 0 -2 1 -2 -9 -9 3 -2 -1 10 1 -1 10 4
0 -6 -4 -8 -7 -6 -4 -6 4 -1 7 9 5 9 -8 4 4 2 -4 -3 -1 10 10 -5 5 -5 -10 -4 7 7 2 -5
-8 5 1 -10 10 7 -9 -8 9 2 -3 -9 -2 0 10 -4 -9 2 9 -3 0 7 6 -6 -2 9 -3 0 -3 -1 -10
-9 10 -7 6 -8 2 4 5 6 -1 6 -8 3 1 -5 -2 -2 -2 1 -2 -2 3 -9 7 -4 7 1 -8 5 9
9 -4 4 7 -7 -10 10 10 0 -3 10 9 -7 -6 7 4 6 6 -2 7 2 9 8 8 3 8 6 6 -6
9 -9 -1 0 5 8 -6 5 -7 -2 4 -6 -2 2 -3 -9 -8 9 7 2 -2 -5 -2 -6 -4 7 10 -3
8 4 -5 6 -3 -3 8 -7 -6 -7 10 7 5 -10 2 -5 8 -4 -5 6 6 -9 8 7 -4 -5 -6
-7 -9 -7 -10 -5 -3 -5 -10 -10 -8 6 2 4 3 2 -7 -9 -10 6 10 9 7 5 2 -7 -10
7 -8 -1 -4 1 2 -8 -1 -9 -3 7 -1 0 10 -3 10 -8 8 6 -9 5 -2 3 7 10
-6 -4 0 -1 3 8 0 -7 -9 -10 -4 -10 4 2 -5 -10 1 -2 0 8 2 4 -8 0
-10 -9 3 3 2 3 -2 -8 -8 -10 10 2 1 -1 -8 -8 -3 -1 -10 4 7 0 -7
2 9 8 -2 9 5 -9 6 9 -10 1 7 -4 3 3 7 -4 -1 7 -6 2 7
8 8 9 2 -5 2 9 4 -10 6 -3 7 3 7 7 6 10 8 -7 5 6
10 5 9 -8 1 -10 1 8 3 -5 1 4 -8 8 4 2 -10 9 -3 -6
-10 -8 -6 3 1 4 10 6 8 7 -5 2 -10 -1 -8 7 -10 8 1
-6 -8 4 1 0 6 0 -7 4 5 4 -1 -8 -6 5 -1 2 9
-5 -8 -7 7 10 7 -6 -2 -8 9 8 2 -6 3 -2 -5 -5
-6 9 5 0 6 8 -8 4 -9 -2 1 -2 -6 -7 7 1
-1 1 5 -9 0 3 6 -6 -10 8 -6 -6 1 5 -10
8 -10 -9 -8 10 2 -3 0 3 -2 -9 4 -5 -4
-6 -2 5 -5 6 -5 7 9 0 -2 -10 -9 -8
5 6 10 6 -5 -5 -2 4 -3 -8 -6 3
-8 2 7 1 -10 5 -8 -9 1 7 10
-9 -8 -7 8 1 -10 9 -5 4 -7
-8 0 -5 3 -8 -9 1 -3 4
-9 8 -6 -4 -9 -9 4 -8
3 8 0 -10 -10 5 -2
10 -8 6 8 -1 7
0 -1 -3 10 -6
8 6 4 3
8 7 8
-4 3
1
